1.600000e-03
2.300000e-04
2.300000e-04
1.700000e-03
1.700000e-03
1.600000e-03
2.300000e-04
2.300000e-04
2.300000e-04
2.300000e-04
1.300000e-05
1.300000e-05
1.400000e-04
2.000000e-03
1.400000e-04
1.300000e-05
1.300000e-05
2.000000e-03
1.300000e-04
1.300000e-04
1.500000e+00
1.500000e+00
1.500000e+00
1.500000e+00
1.500000e+00
1.100000e+00
1.500000e+00
1.500000e+00
1.500000e+00
1.400000e+00
1.500000e-05
1.500000e-05
1.500000e-05
1.500000e-05
1.500000e-05
1.500000e-05
6.800000e-04
1.500000e-05
1.500000e-05
1.500000e-05
5.000000e-01
1.200000e+00
1.200000e+00
1.200000e+00
4.400000e-01
4.400000e-01
5.000000e-01
3.400000e-01
3.400000e-01
4.400000e-01
2.200000e-03
2.300000e-03
2.200000e-03
2.200000e-03
2.200000e-03
2.000000e-03
2.200000e-03
2.200000e-03
2.000000e-03
2.200000e-03
6.800000e-01
1.000000e+00
1.000000e+00
6.800000e-01
6.800000e-01
1.800000e+00
1.300000e+00
1.300000e+00
1.300000e+00
1.300000e+00
1.300000e+01
8.800000e-01
1.300000e+01
1.300000e+01
1.300000e+01
2.200000e-01
4.700000e+00
7.200000e+00
1.300000e+01
2.200000e-01
1.600000e-03
2.300000e-04
2.300000e-04
1.700000e-03
2.300000e-04
2.300000e-04
1.600000e-03
2.300000e-04
2.300000e-04
2.300000e-04
1.400000e-02
1.400000e-02
2.000000e-02
1.400000e-02
1.400000e-02
1.400000e-02
1.400000e-02
1.900000e-02
2.000000e-02
1.000000e-02
