5.200000e-03
3.000000e-02
3.000000e-02
3.000000e-02
3.000000e-02
5.200000e-03
3.000000e-02
3.000000e-02
3.000000e-02
5.500000e+00
5.500000e-03
5.500000e-03
8.300000e-02
8.300000e-02
8.300000e-02
8.300000e-02
8.300000e-02
8.300000e-02
8.300000e-02
1.700000e+00
2.700000e-01
5.700000e-03
5.700000e-03
5.900000e-03
5.900000e-03
5.900000e-03
2.700000e-01
5.600000e-02
5.900000e-03
9.200000e-02
5.400000e-01
5.400000e-01
9.200000e-02
3.200000e+00
3.200000e+00
2.200000e-01
3.200000e+00
3.300000e+00
3.200000e+00
3.200000e+00
3.200000e+00
3.100000e+00
3.200000e+00
3.200000e+00
3.200000e+00
5.000000e-03
2.000000e-01
2.000000e-01
2.000000e-01
2.000000e-01
2.800000e-01
2.900000e-01
1.100000e+00
