5.400000e-15
2.800000e-14
1.100000e-15
4.300000e-15
3.400000e-15
2.000000e-13
1.200000e-13
1.100000e-15
3.800000e-15
8.700000e-16
1.300000e-15
3.800000e-14
4.400000e-15
2.400000e-14
2.500000e-14
2.200000e-14
3.800000e-13
1.700000e-16
1.700000e-16
1.700000e-16
1.900000e-07
1.900000e-06
2.800000e-07
3.000000e-07
1.600000e-06
2.900000e-05
4.400000e-07
7.100000e-06
1.000000e-08
7.000000e-10
3.200000e-14
1.400000e-13
3.200000e-13
4.600000e-14
4.600000e-14
4.600000e-14
5.500000e-15
5.500000e-15
5.500000e-14
1.200000e-13
7.300000e-09
3.500000e-08
8.600000e-09
8.600000e-09
2.500000e-09
1.100000e-08
5.600000e-09
2.300000e-09
2.300000e-09
1.700000e-08
5.400000e-18
6.000000e-16
6.100000e-16
6.200000e-17
6.900000e-16
3.400000e-15
4.700000e-17
1.400000e-18
5.000000e-17
1.400000e-17
4.800000e-13
4.400000e-12
5.000000e-12
1.300000e-11
2.900000e-12
9.000000e-13
4.300000e-12
3.600000e-12
1.700000e-10
3.600000e-12
9.600000e-15
7.000000e-14
3.400000e-13
7.400000e-14
2.600000e-13
1.200000e-13
3.800000e-14
2.800000e-14
2.500000e-14
7.900000e-14
2.800000e-15
1.600000e-14
1.000000e-14
1.200000e-14
1.400000e-14
4.400000e-15
3.600000e-14
1.000000e-14
1.000000e-14
1.000000e-14
1.200000e-13
5.800000e-13
1.400000e-10
2.200000e-11
1.500000e-11
3.300000e-12
1.100000e-12
8.500000e-14
4.300000e-13
2.100000e-14
2.200000e-14
3.800000e-15
1.300000e-14
3.800000e-15
1.800000e-14
1.800000e-14
1.800000e-14
1.400000e-14
3.800000e-15
4.900000e-14
4.900000e-14
2.600000e-14
7.900000e-14
3.800000e-14
5.300000e-14
5.300000e-14
6.300000e-14
6.100000e-15
2.300000e-14
1.500000e-16
1.800000e-15
1.800000e-15
6.800000e-15
6.800000e-15
3.000000e-15
9.100000e-15
2.400000e-15
2.400000e-16
1.100000e-15
3.400000e-17
1.400000e-16
3.400000e-17
9.700000e-17
3.400000e-17
3.400000e-17
3.400000e-17
3.400000e-17
1.500000e-16
3.400000e-17
1.100000e-14
2.600000e-14
8.200000e-15
4.800000e-16
7.900000e-17
2.800000e-16
1.300000e-15
7.800000e-16
3.100000e-13
3.400000e-15
3.200000e-12
3.200000e-12
1.700000e-11
3.300000e-12
1.500000e-11
1.500000e-11
1.500000e-11
1.500000e-11
2.300000e-10
1.600000e-12
4.700000e-12
3.500000e-13
1.100000e-12
1.000000e-12
3.200000e-12
3.900000e-13
7.600000e-13
2.000000e-14
4.900000e-13
9.300000e-13
8.500000e-13
8.500000e-13
1.400000e-12
1.100000e-11
1.500000e-12
1.500000e-12
2.300000e-11
2.300000e-11
1.200000e-12
2.800000e-12
4.000000e-09
4.400000e-09
6.900000e-09
7.200000e-05
2.000000e-05
1.500000e-08
3.900000e-06
7.100000e-06
1.500000e-06
5.300000e-09
1.100000e-08
2.600000e-08
4.100000e-09
6.400000e-08
6.100000e-09
1.400000e-09
1.400000e-09
1.400000e-09
4.800000e-09
2.100000e-15
1.400000e-14
4.400000e-14
9.100000e-15
4.300000e-14
1.400000e-13
3.200000e-14
8.200000e-15
3.900000e-15
7.000000e-15
2.900000e-15
6.100000e-14
3.700000e-14
3.700000e-14
3.500000e-14
2.200000e-15
2.900000e-15
3.200000e-14
1.300000e-13
3.600000e-13
2.400000e-08
2.600000e-08
6.000000e-09
1.500000e-07
3.200000e-08
2.200000e-09
2.200000e-09
3.100000e-11
8.300000e-08
2.700000e-09
2.200000e-03
3.000000e-03
1.100000e-03
1.100000e-03
2.300000e-11
4.300000e-10
1.800000e-09
2.300000e-09
4.600000e-09
2.700000e-10
1.300000e-09
3.200000e-08
3.200000e-08
2.400000e-10
4.200000e-13
4.200000e-13
6.000000e-12
4.100000e-13
1.700000e-12
5.200000e-12
5.200000e-12
5.200000e-12
1.700000e-11
7.800000e-13
8.200000e-15
1.800000e-15
8.400000e-15
7.100000e-14
7.600000e-15
1.500000e-15
1.500000e-15
1.500000e-15
6.600000e-15
1.500000e-15
5.600000e-16
4.500000e-16
1.500000e-16
2.700000e-17
2.700000e-17
4.300000e-16
8.400000e-17
8.400000e-17
4.400000e-17
7.600000e-17
1.400000e-09
4.100000e-06
1.200000e-06
1.200000e-07
1.500000e-05
3.700000e-07
2.100000e-06
1.600000e-05
7.600000e-05
8.500000e-07
1.100000e-05
1.100000e-02
2.500000e-04
2.300000e-05
4.200000e-06
1.900000e-08
3.500000e-08
3.900000e-08
5.300000e-06
8.800000e-06
8.000000e-09
4.100000e-09
4.900000e-09
5.800000e-10
1.600000e-08
9.500000e-09
2.200000e-10
2.200000e-10
2.500000e-09
2.200000e-10
1.600000e-14
4.900000e-14
1.200000e-13
7.900000e-14
7.900000e-14
8.400000e-15
5.400000e-14
5.400000e-14
1.500000e-15
4.000000e-16
4.300000e-18
1.700000e-17
5.100000e-15
1.500000e-17
1.400000e-16
9.300000e-19
1.100000e-15
9.300000e-17
8.900000e-17
8.200000e-18
9.000000e-15
8.300000e-14
1.000000e-13
8.900000e-15
4.600000e-14
5.300000e-13
5.300000e-13
2.300000e-14
9.800000e-14
1.000000e-13
1.500000e-13
6.700000e-14
4.900000e-14
2.700000e-12
2.800000e-12
4.300000e-13
8.500000e-14
1.400000e-12
7.600000e-13
9.200000e-11
8.500000e-09
2.100000e-08
9.500000e-08
3.700000e-08
3.100000e-07
8.700000e-08
3.100000e-07
3.100000e-07
8.900000e-08
1.200000e-08
4.800000e-13
1.500000e-13
1.000000e-13
8.600000e-13
1.400000e-13
5.500000e-14
2.600000e-14
4.900000e-15
4.100000e-12
2.200000e-13
2.100000e-10
2.600000e-10
1.300000e-09
2.100000e-08
8.800000e-09
2.800000e-10
3.600000e-09
2.100000e-11
2.100000e-11
4.000000e-10
1.300000e-14
7.000000e-15
6.800000e-13
6.700000e-13
6.000000e-12
7.200000e-11
3.100000e-11
6.300000e-11
1.000000e-10
7.100000e-12
3.100000e-11
7.100000e-12
1.600000e-09
1.600000e-09
3.200000e-08
7.200000e-07
4.100000e-09
2.700000e-08
6.900000e-09
1.200000e-09
1.200000e-09
1.200000e-09
2.300000e-13
2.500000e-14
9.600000e-14
4.600000e-14
8.300000e-15
8.300000e-15
8.300000e-15
3.900000e-15
2.400000e-15
2.300000e-15
4.900000e-14
2.300000e-15
1.000000e-14
4.300000e-15
3.200000e-15
5.300000e-15
3.800000e-15
4.000000e-16
1.500000e-14
3.800000e-15
3.600000e-15
6.900000e-16
6.900000e-15
2.700000e-15
2.900000e-14
5.100000e-15
1.300000e-13
1.200000e-15
1.100000e-14
1.200000e-15
2.100000e-17
2.100000e-17
2.000000e-16
9.700000e-17
1.100000e-16
3.700000e-17
1.300000e-18
1.300000e-18
7.700000e-18
5.900000e-18
2.700000e-15
3.500000e-15
1.200000e-11
5.900000e-11
2.200000e-11
1.400000e-13
3.500000e-11
8.700000e-12
3.400000e-11
3.300000e-12
1.200000e-10
1.000000e-12
9.900000e-12
1.000000e-08
9.300000e-10
2.200000e-11
1.300000e-11
6.800000e-11
3.000000e-10
4.800000e-12
4.700000e-09
4.700000e-09
5.300000e-08
7.900000e-09
1.800000e-09
3.200000e-10
3.200000e-10
2.200000e-09
5.400000e-11
3.600000e-11
4.800000e-10
1.700000e-07
1.400000e-07
5.100000e-08
5.400000e-10
1.400000e-11
1.500000e-10
2.600000e-11
1.400000e-10
2.000000e-06
2.000000e-06
2.000000e-06
4.400000e-07
1.200000e-05
2.200000e-06
2.200000e-06
2.200000e-06
2.200000e-06
4.400000e-07
2.900000e-04
3.400000e-05
1.200000e-04
1.500000e-04
1.300000e-04
1.000000e-03
1.500000e-06
1.900000e-14
5.500000e-14
1.200000e-15
1.500000e-14
5.300000e-14
4.000000e-13
1.700000e-12
1.500000e-13
6.200000e-14
6.400000e-16
1.200000e-16
2.000000e-03
4.900000e-03
1.700000e-03
1.700000e-03
9.300000e-05
1.400000e-05
6.800000e-06
2.600000e-05
4.300000e-05
3.300000e-05
4.200000e-04
3.200000e-05
7.400000e-05
1.400000e-04
2.500000e-09
3.500000e-10
1.000000e-09
9.100000e-10
3.100000e-10
3.800000e-10
1.500000e-10
5.500000e-12
4.500000e-11
6.900000e-10
1.500000e-13
2.600000e-13
9.700000e-13
1.500000e-13
6.400000e-13
1.500000e-13
1.500000e-13
1.500000e-13
2.600000e-12
5.000000e-13
4.700000e-14
4.200000e-14
7.000000e-12
3.100000e-11
3.000000e-14
4.400000e-14
2.800000e-14
3.900000e-12
4.900000e-12
2.800000e-12
1.100000e-15
3.000000e-16
3.900000e-17
6.600000e-16
1.000000e-16
1.700000e-15
2.100000e-14
2.100000e-14
2.500000e-15
6.500000e-18
1.700000e-11
2.600000e-10
1.000000e-09
9.800000e-08
8.700000e-08
4.200000e-10
1.300000e-11
4.700000e-10
2.500000e-09
9.500000e-11
7.500000e-13
3.200000e-14
6.900000e-13
6.200000e-13
1.800000e-12
3.100000e-13
8.100000e-13
3.400000e-11
2.000000e-11
9.300000e-13
3.200000e-14
4.200000e-14
1.200000e-11
5.400000e-12
9.100000e-12
1.600000e-11
8.800000e-13
8.800000e-13
4.700000e-12
4.000000e-11
2.000000e-13
1.200000e-12
1.200000e-12
1.600000e-12
6.700000e-12
8.400000e-13
3.600000e-14
3.600000e-14
2.800000e-11
6.000000e-13
4.900000e-03
6.500000e-03
2.000000e-03
1.200000e-02
2.000000e-03
7.100000e-04
2.200000e-04
3.300000e-03
6.200000e-03
9.500000e-15
2.100000e-15
8.600000e-16
2.100000e-15
2.100000e-15
2.100000e-15
2.100000e-15
4.000000e-16
1.500000e-15
4.000000e-16
1.700000e-14
2.700000e-13
3.900000e-14
1.300000e-14
3.300000e-15
1.100000e-13
1.200000e-13
1.200000e-13
1.200000e-13
5.400000e-14
7.500000e-09
7.300000e-09
4.600000e-08
2.700000e-08
7.500000e-09
8.600000e-09
8.600000e-09
5.000000e-09
1.500000e-08
1.500000e-08
1.400000e-11
1.600000e-10
1.200000e-10
4.200000e-11
2.200000e-11
2.200000e-11
2.600000e-11
2.600000e-11
2.300000e-10
1.500000e-11
7.400000e-12
1.600000e-11
1.600000e-11
2.300000e-09
3.600000e-10
2.500000e-10
1.300000e-09
3.300000e-11
5.300000e-10
1.500000e-10
1.100000e-16
2.500000e-15
2.700000e-16
1.600000e-16
1.000000e-16
1.000000e-16
3.800000e-15
9.200000e-17
9.200000e-17
4.000000e-16
5.900000e-13
3.500000e-14
1.600000e-13
5.200000e-12
8.100000e-13
1.400000e-12
2.900000e-13
4.600000e-14
4.600000e-14
4.600000e-14
6.200000e-13
1.600000e-16
4.900000e-15
3.900000e-11
1.800000e-10
5.300000e-12
3.000000e-10
4.600000e-13
9.600000e-14
9.600000e-14
1.100000e-15
5.900000e-16
3.500000e-14
3.900000e-16
3.900000e-16
1.100000e-16
1.100000e-16
2.100000e-15
1.900000e-16
2.400000e-16
7.900000e-07
3.100000e-05
9.200000e-07
4.600000e-06
1.100000e-05
1.100000e-05
1.100000e-05
1.300000e-06
8.200000e-06
2.000000e-07
9.700000e-15
2.200000e-14
1.100000e-14
2.200000e-14
4.900000e-15
4.900000e-15
4.900000e-15
2.100000e-15
1.400000e-12
2.100000e-15
1.100000e-09
3.800000e-09
7.900000e-09
9.500000e-09
1.700000e-09
7.900000e-09
9.300000e-10
9.300000e-10
7.600000e-10
7.600000e-10
2.700000e-09
3.500000e-10
6.500000e-10
6.900000e-10
3.900000e-10
4.500000e-10
7.800000e-12
1.600000e-10
1.200000e-08
9.300000e-11
6.700000e-12
2.400000e-12
1.300000e-11
1.200000e-11
2.300000e-11
5.300000e-11
5.300000e-11
3.000000e-10
3.000000e-11
5.800000e-13
2.700000e-09
3.700000e-10
2.100000e-07
2.600000e-07
1.400000e-08
1.600000e-09
5.200000e-10
8.600000e-12
1.300000e-10
2.100000e-15
7.300000e-14
7.300000e-14
2.200000e-15
4.500000e-15
4.500000e-15
4.500000e-15
8.600000e-16
8.600000e-16
8.600000e-16
4.900000e-12
7.800000e-14
1.600000e-12
1.400000e-13
7.200000e-14
6.200000e-12
6.200000e-13
6.200000e-13
2.200000e-14
7.000000e-15
1.600000e-16
5.700000e-16
1.100000e-16
3.400000e-17
1.300000e-17
5.100000e-17
1.800000e-18
1.800000e-18
8.700000e-18
1.800000e-18
6.700000e-08
2.300000e-07
3.900000e-06
1.100000e-06
4.700000e-07
1.600000e-08
5.500000e-08
8.400000e-08
2.600000e-07
6.100000e-08
1.800000e-17
7.500000e-16
1.600000e-16
1.600000e-16
1.400000e-16
8.400000e-18
1.600000e-17
6.500000e-18
1.100000e-17
1.100000e-18
1.500000e-13
1.700000e-12
6.700000e-11
1.600000e-10
5.400000e-10
1.600000e-12
3.900000e-11
3.900000e-11
1.100000e-10
4.100000e-12
2.100000e-14
4.000000e-15
2.200000e-15
6.600000e-14
6.400000e-12
6.400000e-12
1.300000e-10
6.000000e-10
4.700000e-11
1.300000e-09
7.300000e-10
4.700000e-10
7.500000e-11
2.400000e-10
5.200000e-12
5.200000e-12
2.000000e-10
1.900000e-12
1.400000e-12
1.400000e-11
1.400000e-11
7.100000e-11
3.700000e-12
2.700000e-12
5.800000e-13
5.800000e-13
5.800000e-13
1.600000e-12
5.800000e-13
5.800000e-13
5.800000e-13
5.800000e-13
2.500000e-12
5.800000e-13
8.100000e-08
1.300000e-07
1.800000e-08
7.200000e-14
7.100000e-14
2.300000e-12
4.300000e-13
8.700000e-14
1.400000e-14
9.900000e-14
1.800000e-15
1.000000e-12
1.700000e-16
2.800000e-15
8.200000e-14
9.300000e-14
1.100000e-13
2.600000e-14
2.600000e-14
2.000000e-13
2.600000e-14
1.700000e-15
2.200000e-15
5.800000e-11
6.300000e-12
6.300000e-11
7.800000e-10
1.500000e-10
2.300000e-11
1.600000e-12
5.300000e-12
8.400000e-14
1.400000e-12
1.200000e-10
1.700000e-10
1.200000e-10
3.000000e-10
2.800000e-09
1.600000e-10
9.000000e-10
1.600000e-09
9.000000e-10
8.900000e-14
8.900000e-14
1.300000e-10
1.700000e-12
1.600000e-12
4.100000e-12
4.600000e-13
8.800000e-12
9.100000e-12
2.100000e-12
1.300000e-18
2.900000e-17
6.100000e-15
1.900000e-16
2.300000e-17
8.800000e-17
6.600000e-17
3.200000e-18
1.500000e-16
4.800000e-17
6.300000e-17
