3.700000e+01
1.100000e+01
1.100000e+01
1.100000e+01
1.100000e+01
3.700000e+01
1.100000e+01
1.100000e+01
1.100000e+01
1.400000e+01
3.900000e+01
3.900000e+01
3.400000e+01
3.400000e+01
3.400000e+01
3.400000e+01
3.400000e+01
3.400000e+01
3.400000e+01
2.000000e+01
9.000000e+00
4.100000e+01
4.100000e+01
4.200000e+01
4.200000e+01
4.200000e+01
9.000000e+00
2.400000e+01
4.200000e+01
5.100000e+01
5.100000e+01
5.100000e+01
5.100000e+01
5.100000e+01
5.100000e+01
5.100000e+01
1.100000e+01
1.200000e+01
1.100000e+01
1.100000e+01
1.100000e+01
1.000000e+01
1.100000e+01
1.100000e+01
1.100000e+01
3.500000e+01
1.300000e+01
1.300000e+01
1.300000e+01
1.300000e+01
2.100000e+01
2.200000e+01
2.000000e+01
