6.500000e+01
7.100000e+01
6.600000e+01
6.600000e+01
6.600000e+01
6.500000e+01
3.800000e+01
4.900000e+01
5.200000e+01
4.400000e+01
4.700000e+01
4.700000e+01
4.700000e+01
4.600000e+01
4.900000e+01
5.100000e+01
4.600000e+01
4.900000e+01
4.700000e+01
5.000000e+01
4.700000e+01
4.700000e+01
4.800000e+01
4.700000e+01
4.700000e+01
4.700000e+01
5.000000e+01
4.700000e+01
4.600000e+01
4.700000e+01
4.700000e+01
4.700000e+01
4.700000e+01
4.800000e+01
4.700000e+01
4.900000e+01
4.600000e+01
4.900000e+01
4.600000e+01
4.900000e+01
4.900000e+01
4.700000e+01
4.800000e+01
5.000000e+01
4.900000e+01
4.700000e+01
4.700000e+01
4.700000e+01
4.900000e+01
4.900000e+01
7.200000e+01
4.700000e+01
4.900000e+01
4.700000e+01
4.700000e+01
4.700000e+01
5.100000e+01
4.700000e+01
4.700000e+01
4.800000e+01
4.900000e+01
4.500000e+01
5.300000e+01
5.100000e+01
4.800000e+01
4.900000e+01
4.600000e+01
5.200000e+01
5.300000e+01
4.900000e+01
5.000000e+01
5.300000e+01
4.800000e+01
5.100000e+01
5.100000e+01
3.500000e+01
7.100000e+01
4.600000e+01
4.700000e+01
4.700000e+01
4.700000e+01
5.000000e+01
6.600000e+01
3.900000e+01
6.100000e+01
