3.800000e+01
6.400000e+01
4.500000e+01
3.800000e+01
4.800000e+01
4.400000e+01
2.000000e+01
2.300000e+01
2.800000e+01
2.400000e+01
1.200000e+01
2.100000e+01
1.300000e+01
9.000000e+00
2.800000e+01
4.600000e+01
2.200000e+01
4.200000e+01
2.000000e+01
2.400000e+01
2.500000e+01
2.300000e+01
2.100000e+01
1.200000e+01
3.100000e+01
2.100000e+01
4.700000e+01
4.600000e+01
4.400000e+01
2.200000e+01
8.000000e+00
2.300000e+01
3.100000e+01
4.300000e+01
4.300000e+01
4.900000e+01
1.100000e+01
1.900000e+01
2.500000e+01
4.900000e+01
1.800000e+01
4.900000e+01
3.300000e+01
4.500000e+01
1.600000e+01
6.600000e+01
6.900000e+01
5.900000e+01
