1.600000e-04
1.500000e-05
1.500000e-05
1.500000e-05
1.500000e-05
1.500000e-05
1.600000e-04
1.500000e-05
1.500000e-05
1.500000e-05
1.500000e-02
1.800000e-01
1.500000e-02
1.500000e-02
1.800000e-01
1.500000e-02
1.500000e-02
1.600000e-02
1.600000e-02
1.500000e-02
4.200000e-01
4.200000e-01
3.700000e+00
3.600000e+00
4.200000e-01
4.100000e-01
1.100000e+00
1.200000e+01
1.400000e+00
1.400000e+00
1.500000e-02
1.500000e-02
1.500000e-02
1.500000e-02
1.300000e-01
1.500000e-02
1.500000e-02
1.500000e-02
1.000000e-01
1.000000e-01
1.500000e+00
1.500000e+00
1.500000e+00
1.500000e+00
1.500000e+00
1.500000e+00
1.500000e+00
1.500000e+00
1.500000e+00
1.500000e+00
1.800000e-01
3.700000e-02
1.800000e-01
1.800000e-01
3.700000e-02
2.400000e-01
3.700000e-02
3.700000e-02
3.700000e-02
3.700000e-02
1.200000e+00
1.200000e+00
1.100000e+00
1.100000e+00
1.200000e+00
1.200000e+00
1.100000e+00
6.600000e-01
1.700000e+01
1.200000e+00
1.800000e-02
1.800000e-02
1.900000e-02
1.800000e-02
1.900000e-02
1.800000e-02
1.800000e-02
2.000000e-02
2.100000e-02
1.800000e-02
1.300000e-02
1.300000e-02
1.300000e-02
1.300000e-02
1.300000e-02
1.300000e-02
1.300000e-02
1.300000e-02
1.300000e-02
1.300000e-02
5.600000e-03
5.600000e-03
2.900000e-02
5.600000e-03
5.600000e-03
2.900000e-02
5.600000e-03
5.600000e-03
5.600000e-03
5.600000e-03
4.700000e+00
4.700000e+00
4.700000e+00
4.700000e+00
4.700000e+00
4.700000e+00
6.800000e+00
2.700000e+00
2.700000e+00
2.600000e+00
8.700000e-01
8.700000e-01
8.700000e-01
4.400000e-01
8.700000e-01
8.700000e-01
8.700000e-01
8.700000e-01
8.700000e-01
2.400000e+00
3.000000e+00
3.000000e+00
3.000000e+00
3.000000e+00
1.600000e+00
2.400000e+00
3.000000e+00
2.300000e+00
2.200000e-02
2.200000e-02
6.900000e-01
1.300000e+00
1.300000e+00
1.200000e+00
6.900000e-01
1.200000e+00
1.200000e+00
1.600000e+00
1.200000e-02
1.200000e-02
1.200000e-02
8.900000e-03
1.200000e-02
1.200000e-02
1.200000e-02
1.200000e-02
1.200000e-02
1.200000e-02
6.200000e-01
6.200000e-01
6.000000e-01
8.200000e-01
8.200000e-01
5.900000e-01
6.200000e-01
5.000000e-01
3.100000e-01
8.200000e-01
4.000000e-01
1.500000e-02
2.700000e-01
1.600000e+00
1.600000e+00
4.100000e-01
4.400000e-01
1.800000e+00
6.300000e-01
6.300000e-01
1.200000e-05
1.200000e-05
4.400000e-04
4.700000e-04
1.200000e-05
1.200000e-05
4.400000e-04
4.400000e-04
1.200000e-05
1.200000e-05
1.200000e-02
1.200000e-02
1.200000e-02
1.200000e-02
1.200000e-02
1.200000e-02
1.200000e-02
1.200000e-02
1.200000e-02
1.200000e-02
3.800000e-01
3.800000e-01
3.800000e-01
3.800000e-01
3.800000e-01
3.900000e-01
3.800000e-01
3.800000e-01
4.100000e-01
4.100000e-01
1.500000e-05
1.500000e-05
1.500000e-05
1.500000e-05
6.800000e-04
6.800000e-04
2.800000e-03
6.800000e-04
6.600000e-04
6.600000e-04
2.700000e-01
2.700000e-01
2.000000e+00
2.700000e-01
2.700000e-01
2.600000e-01
2.600000e-01
4.800000e-01
5.800000e-02
5.900000e-02
3.400000e-04
3.400000e-04
3.400000e-04
3.200000e-04
3.400000e-04
3.400000e-04
3.400000e-04
3.400000e-04
3.400000e-04
3.400000e-04
1.600000e-04
1.600000e-04
1.600000e-04
1.200000e-03
1.600000e-04
1.600000e-04
1.600000e-04
1.200000e-03
1.600000e-04
1.600000e-04
8.700000e-03
8.700000e-03
8.700000e-03
8.700000e-03
8.700000e-03
8.700000e-03
8.700000e-03
8.700000e-03
8.700000e-03
8.700000e-03
1.400000e-04
1.400000e-04
1.400000e-04
1.300000e-02
1.400000e-04
9.000000e-02
1.400000e-04
1.400000e-04
1.400000e-04
9.700000e-03
1.500000e-05
1.500000e-05
1.500000e-05
5.600000e-04
1.500000e-05
1.500000e-05
1.500000e-05
1.500000e-05
1.600000e-04
1.500000e-05
3.800000e+00
1.000000e+01
2.000000e+00
3.100000e+00
2.000000e+00
2.000000e+00
2.000000e+00
2.000000e+00
3.100000e+00
3.100000e+00
3.100000e+00
2.500000e+00
6.000000e-01
4.500000e-01
6.600000e-01
6.600000e-01
6.600000e-01
6.000000e-01
6.000000e-01
6.000000e-01
6.600000e-01
6.600000e-01
2.100000e-02
2.100000e-02
2.100000e-02
2.100000e-02
2.100000e-02
2.100000e-02
2.100000e-02
2.100000e-02
2.100000e-02
2.100000e-02
6.400000e-03
6.400000e-03
6.400000e-03
6.400000e-03
6.400000e-03
6.400000e-03
6.400000e-03
6.400000e-03
6.400000e-03
6.400000e-03
8.300000e-01
7.900000e-01
7.900000e-01
8.300000e-01
8.300000e-01
8.300000e-01
8.300000e-01
1.100000e+00
8.300000e-01
8.300000e-01
4.600000e-03
2.400000e-02
4.600000e-03
4.600000e-03
4.600000e-03
2.400000e-02
2.600000e-02
8.500000e-02
5.500000e-02
2.500000e-02
5.800000e-04
1.500000e-03
6.200000e-04
6.200000e-04
6.200000e-04
6.200000e-04
1.600000e-03
1.200000e-03
1.200000e-03
6.000000e-04
9.700000e-01
9.100000e-01
9.100000e-01
9.100000e-01
9.700000e-01
9.100000e-01
9.100000e-01
9.100000e-01
9.100000e-01
9.100000e-01
2.900000e-02
2.900000e-02
2.900000e-02
2.700000e+00
4.600000e-02
8.100000e-02
8.100000e-02
8.000000e-01
2.900000e-02
2.900000e-02
8.100000e-03
9.300000e-03
9.300000e-03
9.300000e-03
8.700000e-03
9.300000e-03
1.000000e-02
1.000000e-02
9.800000e-03
1.000000e-02
1.700000e-01
1.700000e-01
1.700000e-01
2.000000e-01
2.000000e-01
1.900000e-01
2.000000e-01
2.000000e-01
2.000000e-01
2.000000e-01
1.900000e-02
1.900000e-02
1.900000e-02
1.800000e-02
1.900000e-02
1.800000e-02
1.800000e-02
1.900000e-02
1.900000e-02
8.300000e-02
8.300000e-02
8.300000e-02
8.300000e-02
8.600000e-02
8.600000e-02
1.000000e+01
8.600000e-02
8.900000e-02
8.900000e-02
1.300000e-05
1.300000e-05
1.300000e-05
4.500000e-04
1.300000e-05
1.100000e-03
3.400000e-04
1.100000e-03
1.300000e-05
5.100000e-04
1.600000e-04
1.600000e-04
1.600000e-04
1.600000e-04
1.600000e-04
1.600000e-04
1.200000e-03
1.600000e-04
1.600000e-04
1.600000e-04
2.900000e+00
2.900000e+00
2.900000e+00
2.800000e+00
2.800000e+00
2.800000e+00
2.800000e+00
2.800000e+00
2.800000e+00
2.800000e+00
3.100000e-01
3.100000e-01
3.100000e-01
3.100000e-01
2.900000e-01
3.000000e-01
3.000000e-01
3.000000e-01
3.000000e-01
2.900000e-01
2.100000e-04
1.500000e-03
2.000000e-04
1.500000e-03
1.500000e-03
2.100000e-04
1.500000e-03
1.500000e-03
2.000000e-04
2.000000e-04
2.300000e-01
2.300000e-01
2.300000e-01
2.500000e-01
2.300000e-01
2.300000e-01
2.300000e-01
2.300000e-01
2.500000e-01
2.300000e-01
1.200000e+00
2.000000e-01
1.200000e+00
1.200000e+00
3.500000e+00
1.200000e+00
1.200000e+00
5.600000e+00
1.200000e+00
1.200000e+00
1.200000e+00
1.200000e+00
1.200000e+00
1.200000e+00
1.100000e+00
1.100000e+00
1.100000e+00
1.100000e+00
1.100000e+00
1.100000e+00
1.400000e+01
1.400000e+01
1.400000e+01
1.400000e+01
1.400000e+01
1.400000e+01
1.400000e+01
1.400000e+01
1.400000e+01
1.400000e+01
3.400000e-01
3.400000e-01
3.400000e-01
3.400000e-01
3.400000e-01
3.400000e-01
3.400000e-01
3.400000e-01
3.400000e-01
3.400000e-01
2.400000e-04
2.400000e-04
1.600000e-03
2.500000e-04
1.600000e-03
1.600000e-03
1.600000e-03
1.600000e-03
1.600000e-03
1.600000e-03
5.100000e+00
4.800000e+00
4.800000e+00
4.800000e+00
4.800000e+00
4.800000e+00
4.800000e+00
5.100000e+00
4.800000e+00
1.100000e-03
1.100000e-03
1.600000e-04
1.200000e-03
1.200000e-03
1.600000e-04
1.600000e-04
1.200000e-03
1.600000e-04
1.600000e-04
7.500000e-06
7.500000e-06
7.500000e-06
7.700000e-06
5.000000e-04
5.000000e-04
4.900000e-03
5.100000e-04
5.100000e-04
5.000000e-04
7.400000e-03
7.400000e-03
7.400000e-03
7.400000e-03
7.400000e-03
7.400000e-03
8.900000e-02
8.900000e-02
7.400000e-03
7.400000e-03
1.600000e-04
1.000000e-03
1.000000e-03
1.000000e-03
1.600000e-04
1.600000e-04
1.800000e-04
1.300000e-03
1.800000e-04
1.800000e-04
2.700000e+00
2.700000e+00
2.700000e+00
2.700000e+00
2.700000e+00
2.700000e+00
2.700000e+00
2.700000e+00
2.700000e+00
2.700000e+00
3.400000e-01
3.400000e-01
3.400000e-01
3.400000e-01
3.300000e-01
3.400000e-01
3.300000e-01
3.400000e-01
3.300000e-01
3.400000e-01
3.200000e-03
3.200000e-03
2.100000e-02
2.100000e-02
2.200000e-02
2.100000e-02
2.100000e-02
2.100000e-02
2.100000e-02
2.100000e-02
2.100000e-02
2.100000e-02
5.600000e-03
5.600000e-03
5.600000e-03
5.600000e-03
5.600000e-03
5.600000e-03
5.600000e-03
5.600000e-03
1.500000e-02
5.600000e-03
8.600000e-03
4.900000e-04
4.900000e-04
4.900000e-04
1.400000e-02
4.900000e-04
7.300000e-02
4.900000e-04
4.900000e-04
4.900000e-04
3.400000e+00
6.400000e+00
2.300000e+00
3.700000e+00
5.600000e+00
3.700000e+00
7.400000e+00
4.100000e+00
4.100000e+00
4.100000e+00
3.800000e-05
1.300000e-03
3.800000e-05
3.600000e-05
3.600000e-05
3.800000e-05
1.600000e-04
1.600000e-04
3.800000e-05
3.800000e-05
8.100000e-03
8.100000e-03
8.100000e-03
8.100000e-03
8.100000e-03
8.100000e-03
8.100000e-03
9.300000e-03
8.100000e-03
8.100000e-03
2.900000e-01
2.900000e-01
2.900000e-01
2.900000e-01
1.100000e+00
1.200000e+00
1.200000e+00
7.900000e+00
2.900000e-01
1.200000e+00
1.700000e-03
1.700000e-03
1.700000e-03
1.700000e-03
1.700000e-03
1.700000e-03
1.700000e-03
1.700000e-03
1.800000e-03
1.800000e-03
2.500000e-04
1.700000e-03
1.700000e-03
2.500000e-04
2.500000e-04
2.400000e-04
2.400000e-04
2.400000e-04
2.400000e-04
2.500000e-04
1.700000e-02
1.700000e-02
1.700000e-02
1.700000e-02
1.700000e-02
1.700000e-02
1.700000e-02
1.700000e-02
1.700000e-02
1.700000e-02
2.500000e-04
2.500000e-04
2.500000e-04
2.500000e-04
2.500000e-04
2.500000e-04
2.500000e-04
2.500000e-04
2.500000e-04
2.500000e-04
2.500000e-01
2.500000e-01
2.500000e-01
2.500000e-01
2.500000e-01
2.500000e-01
2.500000e-01
4.100000e-01
2.500000e-01
2.500000e-01
2.100000e+00
2.100000e+00
2.100000e+00
2.200000e+00
2.100000e+00
2.300000e+00
2.300000e+00
2.300000e+00
2.300000e+00
2.400000e+00
8.200000e-06
4.000000e-05
8.200000e-06
5.400000e-04
2.000000e-03
5.400000e-04
2.500000e-03
2.500000e-03
8.200000e-06
8.200000e-06
1.200000e+00
1.200000e+00
1.200000e+00
1.200000e+00
2.000000e+00
1.300000e+00
1.300000e+00
1.300000e+00
1.200000e+00
4.000000e-03
3.400000e-03
5.300000e-04
4.000000e-03
5.400000e-04
3.400000e-03
5.400000e-04
5.500000e-04
3.300000e-03
5.400000e-04
6.100000e-02
6.100000e-02
6.100000e-02
6.100000e-02
5.800000e-02
5.800000e-02
5.800000e-02
5.800000e-02
5.800000e-02
6.100000e-02
2.200000e-03
2.200000e-03
2.200000e-03
2.300000e-03
2.400000e-03
2.300000e-03
2.500000e-03
2.600000e-03
2.400000e-03
2.400000e-03
4.200000e-01
4.200000e-01
4.300000e-01
4.200000e-01
4.200000e-01
4.200000e-01
4.200000e-01
4.200000e-01
4.200000e-01
4.200000e-01
2.500000e-02
2.500000e-02
2.500000e-02
2.500000e-02
2.500000e-02
3.300000e-01
3.300000e-01
9.500000e-01
8.400000e-02
8.400000e-02
1.700000e-02
9.200000e-02
1.700000e-02
1.700000e-02
2.000000e-01
1.800000e-02
5.300000e-01
1.700000e-02
1.700000e-02
1.700000e-02
1.100000e+00
1.100000e+00
1.100000e+00
1.100000e+00
1.100000e+00
1.100000e+00
8.900000e-01
1.100000e+00
1.200000e+00
1.100000e+00
3.800000e-03
1.200000e-02
1.200000e-04
1.200000e-04
1.400000e-02
4.300000e-03
1.100000e-02
1.100000e-03
1.100000e-03
4.100000e-03
2.400000e-04
1.600000e-03
1.600000e-03
2.400000e-04
2.400000e-04
2.400000e-04
1.600000e-03
1.800000e-03
2.400000e-04
2.400000e-04
4.700000e+00
4.700000e+00
4.700000e+00
4.700000e+00
4.700000e+00
4.700000e+00
4.700000e+00
4.700000e+00
4.700000e+00
4.700000e+00
8.600000e-01
8.600000e-01
8.600000e-01
8.600000e-01
8.600000e-01
8.600000e-01
8.600000e-01
8.600000e-01
8.600000e-01
8.600000e-01
6.200000e-01
6.200000e-01
6.200000e-01
5.900000e-01
5.000000e-01
5.000000e-01
8.200000e-01
8.200000e-01
8.200000e-01
8.200000e-01
1.200000e-02
1.200000e-02
1.300000e-02
1.300000e-02
1.200000e-02
1.200000e-02
1.300000e-02
1.300000e-02
1.300000e-02
1.300000e-02
1.300000e+00
1.300000e+00
1.400000e+00
1.500000e+00
1.500000e+00
1.500000e+00
1.400000e+00
1.500000e+00
1.500000e+00
1.500000e+00
2.400000e-04
2.400000e-04
2.400000e-04
1.800000e-03
1.800000e-03
2.400000e-04
2.400000e-04
1.800000e-03
2.400000e-04
2.400000e-04
7.500000e-03
7.500000e-03
7.500000e-03
7.500000e-03
7.500000e-03
7.500000e-03
7.500000e-03
7.500000e-03
7.500000e-03
7.500000e-03
2.300000e-02
2.300000e-02
2.200000e-02
2.200000e-02
2.200000e-02
2.200000e-02
2.300000e-02
2.300000e-02
2.300000e-02
2.300000e-02
