1.400000e-06
3.000000e-10
3.000000e-10
3.000000e-10
3.000000e-10
3.000000e-10
1.900000e-08
5.200000e-07
1.400000e-08
1.400000e-08
3.900000e-09
1.500000e-07
1.500000e-07
3.900000e-09
3.900000e-09
3.900000e-09
3.900000e-09
5.600000e-08
7.100000e-08
3.900000e-09
7.300000e-06
6.200000e-10
6.800000e-08
6.900000e-06
6.200000e-10
4.800000e-08
6.200000e-10
2.800000e-06
2.700000e-08
6.800000e-08
8.500000e-05
4.400000e-05
3.700000e-05
7.700000e-05
1.400000e-08
1.500000e-08
1.200000e-06
1.600000e-05
1.600000e-05
6.100000e-04
5.200000e-12
5.200000e-12
5.200000e-12
2.100000e-09
5.200000e-12
5.200000e-12
2.000000e-10
1.400000e-09
1.300000e-08
1.300000e-10
5.800000e-06
3.900000e-06
5.800000e-06
7.800000e-08
2.500000e-06
3.700000e-06
7.200000e-06
5.700000e-08
5.700000e-08
2.600000e-07
9.800000e-10
2.100000e-12
7.200000e-10
7.200000e-10
2.300000e-10
2.300000e-10
8.900000e-12
3.900000e-10
6.500000e-11
2.300000e-10
1.500000e-08
1.500000e-08
2.800000e-10
1.800000e-08
1.500000e-08
2.300000e-08
2.800000e-10
5.500000e-07
1.600000e-08
5.800000e-07
6.300000e-13
6.300000e-13
6.300000e-13
6.300000e-13
6.300000e-13
6.300000e-13
2.800000e-11
6.300000e-13
8.500000e-11
6.300000e-13
1.500000e-05
1.500000e-05
3.800000e-05
1.200000e-07
1.200000e-07
1.200000e-04
1.500000e-05
1.500000e-05
1.500000e-05
5.200000e-07
3.900000e-09
3.900000e-09
3.900000e-09
3.900000e-09
6.900000e-08
6.900000e-08
6.800000e-06
1.100000e-04
1.100000e-04
7.000000e-06
1.100000e-16
1.100000e-16
1.200000e-14
3.100000e-15
5.400000e-15
9.300000e-14
7.600000e-15
7.600000e-15
7.600000e-15
3.500000e-15
6.500000e-08
6.900000e-08
6.900000e-08
6.900000e-08
2.800000e-10
2.400000e-09
8.400000e-08
1.600000e-08
7.400000e-08
2.300000e-06
1.500000e-09
7.400000e-08
7.400000e-08
1.500000e-09
3.000000e-10
3.000000e-10
3.000000e-10
1.900000e-08
3.900000e-03
6.000000e-05
5.200000e-05
2.000000e-06
4.500000e-05
4.400000e-05
1.300000e-08
1.300000e-03
3.600000e-03
8.800000e-05
3.400000e-04
4.000000e-02
3.300000e-04
3.400000e-04
3.400000e-04
9.500000e-06
3.400000e-04
2.900000e-03
6.300000e-03
3.400000e-04
4.300000e-07
1.500000e-09
7.500000e-09
7.900000e-09
7.900000e-09
7.300000e-09
3.600000e-09
9.400000e-09
6.200000e-07
6.200000e-07
1.400000e-06
1.400000e-06
9.200000e-07
6.800000e-05
1.300000e-08
1.300000e-08
3.300000e-05
2.400000e-05
1.200000e-03
6.000000e-07
1.700000e-07
1.700000e-07
2.700000e-07
2.700000e-07
3.900000e-06
2.700000e-07
7.100000e-08
1.900000e-06
1.400000e-07
2.900000e-07
7.200000e-06
7.200000e-06
7.200000e-06
7.200000e-06
7.200000e-06
7.400000e-06
7.200000e-06
7.200000e-06
7.600000e-06
7.600000e-06
6.600000e-07
6.600000e-07
1.100000e-08
1.500000e-08
1.600000e-08
1.600000e-08
1.100000e-06
4.300000e-07
1.700000e-06
1.600000e-08
5.600000e-08
7.500000e-05
1.900000e-06
5.600000e-08
5.600000e-08
3.000000e-06
3.000000e-06
7.700000e-06
7.700000e-06
7.700000e-06
2.600000e-11
2.600000e-11
2.600000e-11
2.600000e-11
2.600000e-11
2.600000e-11
2.600000e-11
2.600000e-11
2.600000e-11
2.600000e-11
1.600000e-08
1.600000e-08
1.600000e-08
1.600000e-08
1.600000e-08
1.600000e-08
1.600000e-08
1.100000e-07
1.600000e-08
1.600000e-08
1.700000e-11
1.700000e-11
1.700000e-11
1.700000e-11
3.200000e-13
1.200000e-11
3.200000e-13
8.200000e-09
1.600000e-11
9.100000e-12
3.200000e-10
3.200000e-10
3.200000e-10
3.200000e-10
3.200000e-10
3.200000e-10
3.200000e-10
3.200000e-10
3.200000e-10
3.200000e-10
1.100000e-08
6.000000e-07
6.000000e-07
7.300000e-07
2.200000e-10
2.200000e-10
1.100000e-08
2.200000e-10
1.700000e-06
2.200000e-10
9.200000e-13
4.100000e-11
7.600000e-06
1.600000e-04
2.000000e-07
2.000000e-07
2.000000e-07
8.800000e-06
7.600000e-06
8.800000e-06
1.200000e-05
2.100000e-07
8.700000e-08
1.500000e-09
1.900000e-08
1.900000e-08
1.900000e-08
3.000000e-10
3.000000e-10
3.000000e-10
1.600000e-09
1.700000e-08
1.200000e-07
1.200000e-07
5.100000e-07
1.200000e-07
1.200000e-07
1.200000e-07
3.500000e-06
3.500000e-06
1.200000e-07
5.100000e-07
8.600000e-17
8.600000e-17
8.600000e-17
2.500000e-15
8.600000e-17
2.500000e-12
2.800000e-15
2.000000e-10
2.500000e-15
2.500000e-15
4.300000e-09
4.200000e-09
4.200000e-09
4.300000e-09
4.300000e-09
4.300000e-09
4.300000e-09
5.800000e-08
7.600000e-08
1.400000e-06
1.400000e-09
1.300000e-09
7.000000e-07
4.800000e-08
8.800000e-10
7.100000e-11
1.400000e-09
7.200000e-11
3.600000e-05
7.200000e-10
4.600000e-08
3.000000e-05
2.000000e-07
1.600000e-06
4.700000e-08
1.600000e-06
2.600000e-06
8.800000e-07
8.800000e-07
1.900000e-07
6.500000e-06
6.300000e-06
1.900000e-04
6.300000e-06
1.400000e-03
6.300000e-06
1.900000e-04
1.900000e-04
6.300000e-06
8.900000e-05
3.600000e-10
3.600000e-10
3.600000e-10
2.300000e-08
3.600000e-10
1.900000e-08
1.900000e-08
1.900000e-08
1.300000e-08
1.300000e-08
1.500000e-10
1.600000e-12
2.800000e-14
2.800000e-14
2.700000e-14
4.000000e-12
1.700000e-12
1.600000e-10
3.000000e-12
3.600000e-11
2.500000e-07
2.500000e-07
2.500000e-07
2.800000e-09
2.800000e-09
2.700000e-09
1.100000e-07
2.100000e-08
2.100000e-08
2.800000e-09
2.800000e-10
2.300000e-08
5.600000e-05
1.500000e-06
1.100000e-06
3.800000e-07
1.100000e-08
5.000000e-07
2.600000e-05
4.900000e-09
4.900000e-09
4.900000e-09
4.900000e-09
5.000000e-09
5.000000e-09
5.000000e-09
8.900000e-08
9.100000e-08
5.100000e-09
1.500000e-11
1.500000e-11
1.000000e-06
4.300000e-11
9.700000e-13
4.300000e-11
1.500000e-11
4.300000e-11
1.900000e-06
4.400000e-11
5.700000e-08
5.700000e-08
5.700000e-08
2.400000e-10
2.400000e-10
2.400000e-10
2.400000e-10
2.400000e-10
5.700000e-08
1.300000e-08
6.800000e-05
6.800000e-05
3.500000e-05
3.400000e-05
3.400000e-05
2.600000e-04
3.800000e-04
3.800000e-04
3.800000e-04
3.400000e-05
4.000000e-13
4.000000e-13
6.600000e-15
6.600000e-15
1.100000e-16
8.100000e-15
3.400000e-15
3.400000e-15
4.000000e-13
1.500000e-13
3.500000e-07
4.700000e-09
4.600000e-09
4.600000e-09
4.600000e-09
1.100000e-07
1.200000e-07
2.300000e-06
5.800000e-08
4.600000e-09
7.900000e-08
2.400000e-10
1.200000e-09
1.300000e-09
4.800000e-08
4.800000e-08
1.600000e-08
2.000000e-08
1.300000e-09
2.400000e-10
1.100000e-16
1.100000e-16
1.200000e-14
1.100000e-16
1.100000e-16
1.100000e-16
1.100000e-16
2.500000e-10
3.100000e-15
3.100000e-15
5.400000e-11
5.400000e-11
5.400000e-11
5.400000e-11
2.400000e-09
2.400000e-09
2.400000e-09
2.400000e-09
2.400000e-09
1.400000e-07
5.400000e-09
5.500000e-09
2.400000e-07
5.400000e-09
5.500000e-09
2.200000e-07
5.500000e-09
5.500000e-09
5.500000e-09
5.500000e-09
4.200000e-09
4.200000e-09
1.800000e-07
4.200000e-09
9.700000e-08
4.200000e-09
1.200000e-07
1.600000e-06
7.400000e-08
4.200000e-09
4.900000e-09
3.700000e-07
5.100000e-09
1.000000e-09
1.000000e-09
1.000000e-09
1.000000e-09
1.000000e-09
5.100000e-09
5.100000e-09
3.700000e-09
3.600000e-09
3.600000e-09
3.600000e-09
3.600000e-09
3.600000e-09
4.800000e-08
6.500000e-08
6.300000e-08
2.400000e-10
2.400000e-10
2.400000e-10
2.400000e-10
2.400000e-10
2.400000e-10
2.400000e-10
2.400000e-10
1.200000e-09
1.400000e-08
4.300000e-15
4.300000e-15
1.300000e-16
1.300000e-16
5.000000e-15
5.000000e-15
4.300000e-15
2.300000e-13
2.300000e-13
5.000000e-15
1.900000e-12
1.900000e-12
1.900000e-12
8.800000e-11
1.900000e-12
2.400000e-11
1.200000e-09
1.900000e-11
3.400000e-08
5.900000e-11
8.600000e-10
8.600000e-10
8.600000e-10
8.600000e-10
8.600000e-10
8.600000e-10
8.900000e-10
1.900000e-08
4.300000e-09
4.300000e-09
2.200000e-11
2.200000e-11
2.200000e-11
2.200000e-11
2.200000e-11
6.100000e-10
2.200000e-11
2.100000e-08
2.200000e-11
4.300000e-10
5.200000e-09
5.200000e-09
5.200000e-09
5.200000e-09
5.100000e-09
1.800000e-07
1.700000e-07
6.600000e-08
5.100000e-09
5.200000e-09
3.300000e-02
3.300000e-02
1.500000e-09
3.000000e-10
1.500000e-09
3.000000e-10
3.000000e-10
1.100000e-08
3.000000e-10
6.400000e-09
6.400000e-09
3.000000e-10
1.600000e-08
1.400000e-06
1.400000e-06
4.100000e-05
1.400000e-08
1.400000e-08
1.100000e-06
1.400000e-08
4.300000e-07
4.300000e-07
5.900000e-11
5.900000e-11
5.900000e-11
5.900000e-11
5.900000e-11
5.900000e-11
5.900000e-11
5.900000e-11
5.900000e-11
5.900000e-11
4.000000e-10
3.800000e-10
3.800000e-10
2.500000e-08
2.500000e-08
2.500000e-08
4.000000e-10
7.100000e-07
1.300000e-08
3.800000e-10
1.400000e-09
1.400000e-09
1.400000e-09
2.800000e-10
2.800000e-10
2.800000e-10
1.300000e-08
1.300000e-08
6.900000e-08
1.600000e-08
1.900000e-06
7.800000e-05
1.600000e-06
4.000000e-05
2.600000e-08
2.600000e-08
2.100000e-09
1.500000e-05
1.200000e-05
1.200000e-05
9.900000e-05
5.100000e-05
4.300000e-05
9.000000e-05
1.700000e-08
1.700000e-08
1.400000e-06
1.900000e-05
1.900000e-05
7.100000e-04
8.800000e-07
9.400000e-07
1.700000e-08
2.800000e-10
2.800000e-10
2.800000e-10
1.600000e-08
6.900000e-09
3.300000e-07
3.300000e-07
7.500000e-05
1.300000e-06
1.300000e-06
2.300000e-08
1.700000e-08
1.700000e-08
1.500000e-06
4.900000e-07
4.900000e-07
1.700000e-08
2.000000e-08
3.000000e-08
6.200000e-05
6.200000e-05
6.200000e-05
3.600000e-10
2.300000e-08
5.300000e-07
2.500000e-06
3.600000e-10
2.800000e-10
2.800000e-10
2.800000e-10
2.800000e-10
2.800000e-10
2.800000e-10
2.800000e-10
8.700000e-07
1.300000e-08
1.300000e-08
1.600000e-08
1.800000e-08
1.800000e-08
1.800000e-08
1.800000e-08
1.800000e-08
2.900000e-10
4.100000e-07
5.000000e-07
2.000000e-08
1.400000e-03
2.100000e-03
1.400000e-03
1.400000e-03
1.100000e-03
5.700000e-05
1.600000e-03
1.300000e-04
1.300000e-04
1.300000e-04
6.500000e-07
6.400000e-07
1.500000e-07
6.500000e-07
6.400000e-07
6.500000e-07
7.700000e-06
7.700000e-06
1.500000e-07
1.500000e-07
3.600000e-09
3.600000e-09
3.600000e-09
3.600000e-09
3.700000e-09
3.700000e-09
3.700000e-09
3.700000e-09
3.600000e-09
7.900000e-09
7.900000e-09
2.200000e-09
5.900000e-07
2.700000e-07
2.700000e-07
1.600000e-09
1.000000e-07
2.200000e-09
2.700000e-07
1.100000e-09
5.600000e-09
5.600000e-09
1.100000e-09
1.100000e-09
3.000000e-08
1.200000e-08
1.200000e-08
5.400000e-09
5.600000e-09
1.400000e-09
3.100000e-11
3.100000e-11
1.200000e-09
1.300000e-09
3.700000e-11
9.400000e-10
4.700000e-08
1.000000e-09
1.500000e-09
1.100000e-09
1.100000e-09
5.600000e-09
5.400000e-09
5.400000e-09
3.700000e-08
1.100000e-09
1.100000e-09
5.400000e-09
5.400000e-09
2.400000e-08
2.400000e-08
7.500000e-05
7.500000e-05
2.600000e-08
2.600000e-08
1.200000e-06
2.600000e-08
3.400000e-05
3.400000e-05
3.600000e-10
3.600000e-10
2.000000e-08
3.600000e-10
3.600000e-10
3.600000e-10
3.600000e-10
2.800000e-08
2.800000e-08
2.500000e-08
1.700000e-12
1.700000e-12
1.700000e-12
1.700000e-12
1.700000e-12
1.700000e-12
1.800000e-10
1.700000e-12
1.700000e-12
1.800000e-10
1.700000e-03
7.600000e-04
7.600000e-04
7.600000e-04
1.600000e-04
2.300000e-03
7.400000e-04
7.600000e-04
7.600000e-04
1.500000e-04
7.700000e-08
1.400000e-09
1.400000e-09
1.400000e-09
1.400000e-09
1.400000e-09
2.800000e-10
2.800000e-10
1.400000e-09
1.700000e-08
7.700000e-12
7.700000e-12
7.700000e-12
7.700000e-12
3.100000e-10
3.100000e-10
7.700000e-12
5.000000e-09
7.000000e-10
7.700000e-12
9.000000e-13
9.000000e-13
9.000000e-13
9.000000e-13
9.000000e-13
9.000000e-13
9.000000e-13
9.000000e-13
9.000000e-13
9.000000e-13
3.400000e-04
2.000000e-02
2.000000e-02
2.600000e-02
3.800000e-03
3.800000e-03
3.400000e-04
3.400000e-04
2.700000e-01
9.300000e-03
1.000000e-09
2.400000e-08
4.300000e-10
1.400000e-08
1.500000e-08
1.400000e-08
4.700000e-10
8.200000e-06
1.000000e-08
4.300000e-10
3.000000e-05
3.000000e-05
4.200000e-07
4.300000e-07
5.600000e-06
1.000000e-07
1.200000e-05
1.000000e-07
1.300000e-05
3.300000e-07
2.200000e-08
2.200000e-08
1.900000e-08
1.600000e-08
1.600000e-08
2.800000e-10
2.800000e-10
8.500000e-07
2.800000e-10
1.900000e-08
1.800000e-08
6.600000e-10
8.600000e-10
3.800000e-07
3.600000e-07
3.600000e-07
1.200000e-08
5.100000e-07
1.500000e-08
2.800000e-08
5.600000e-09
2.700000e-07
5.400000e-09
5.400000e-09
5.400000e-09
1.300000e-07
1.900000e-07
2.400000e-08
7.100000e-08
5.600000e-09
