5.300000e-06
5.300000e-06
5.300000e-06
5.300000e-06
5.300000e-06
2.200000e-05
2.300000e-04
2.300000e-04
2.700000e-05
2.700000e-05
2.700000e-05
2.700000e-05
2.700000e-05
3.500000e-04
2.700000e-05
5.900000e-01
1.000000e-04
5.900000e-01
5.800000e-01
1.000000e-04
1.400000e-03
1.000000e-04
5.900000e-01
5.900000e-01
5.900000e-01
6.700000e-01
6.700000e-01
6.700000e-01
6.700000e-01
6.500000e-01
6.700000e-01
3.700000e-03
6.700000e-01
6.700000e-01
6.700000e-01
5.800000e-05
5.800000e-05
5.800000e-05
3.000000e-04
5.800000e-05
5.800000e-05
4.500000e-05
6.900000e-01
6.900000e-01
3.700000e-03
4.200000e-04
2.700000e-04
4.200000e-04
1.300000e-05
8.700000e-06
8.700000e-06
2.800000e-05
5.600000e-05
4.100000e-05
4.100000e-05
4.400000e-06
4.400000e-06
5.700000e-05
4.400000e-06
1.100000e-06
1.100000e-06
1.100000e-05
4.200000e-05
1.200000e-06
3.300000e-05
1.100000e-05
2.400000e-03
1.200000e-06
3.200000e-05
7.200000e-05
7.200000e-05
7.200000e-05
7.200000e-05
7.200000e-05
7.200000e-05
3.300000e-05
7.200000e-05
5.900000e-01
7.200000e-05
4.300000e+00
4.300000e+00
4.300000e+00
6.200000e-05
6.200000e-05
5.700000e+00
3.200000e+00
1.800000e-04
5.500000e-06
5.500000e-06
5.500000e-06
5.500000e-06
1.000000e-04
1.000000e-04
3.300000e-04
3.400000e-04
8.900000e-05
8.900000e-05
8.900000e-05
5.800000e-05
6.300000e-04
6.300000e-04
8.900000e-05
8.900000e-05
8.900000e-05
5.400000e-04
1.100000e-05
9.000000e-05
4.000000e-04
3.300000e+00
3.300000e+00
3.000000e-05
3.300000e+00
3.300000e+00
4.600000e-05
6.800000e-06
1.200000e-05
1.200000e-05
2.900000e-01
2.900000e-01
2.900000e-01
2.900000e-01
2.900000e-01
2.800000e-01
2.900000e-01
2.800000e-01
2.800000e-01
2.800000e-01
1.400000e-03
1.900000e-01
1.300000e-03
9.100000e-04
9.100000e-04
5.900000e-04
9.100000e-04
7.100000e-03
6.400000e-02
1.400000e-03
2.300000e+00
1.600000e-04
3.000000e+00
3.000000e+00
3.000000e+00
3.000000e+00
4.200000e-04
3.000000e+00
2.300000e+00
2.300000e+00
2.400000e-01
2.400000e-01
2.200000e-04
2.400000e-01
2.400000e-01
2.400000e-01
2.400000e-01
5.000000e-01
5.000000e-01
5.500000e-04
5.500000e-04
4.800000e-01
5.500000e-04
5.000000e-01
5.000000e-01
4.800000e-01
5.000000e-01
3.500000e-04
3.500000e-04
3.500000e-04
3.500000e-04
3.500000e-04
3.600000e-04
3.500000e-04
3.500000e-04
3.600000e-04
3.600000e-04
1.500000e-04
1.500000e-04
2.700000e-07
7.000000e-06
4.100000e-04
4.100000e-04
6.200000e-05
5.500000e+00
2.300000e-04
4.000000e-04
2.500000e-05
9.000000e-04
2.500000e-05
2.500000e-05
5.500000e-05
5.500000e-05
5.500000e-05
5.400000e-05
5.500000e-05
5.500000e-05
5.500000e-05
5.500000e-05
5.500000e-05
5.500000e-05
3.200000e-05
3.200000e-05
3.200000e-05
3.200000e-05
3.200000e-05
3.200000e-05
3.200000e-05
2.100000e-04
3.200000e-05
3.200000e-05
1.400000e+00
1.400000e+00
1.400000e+00
2.900000e-05
6.500000e-05
2.800000e-04
6.500000e-05
1.400000e+00
1.400000e+00
3.800000e-04
1.300000e-05
1.300000e-05
1.300000e-05
1.300000e-05
1.300000e-05
1.300000e-05
1.300000e-05
1.300000e-05
1.300000e-05
1.300000e-05
2.700000e-07
1.500000e-04
1.500000e-04
1.500000e-05
3.100000e-06
3.100000e-06
2.700000e-07
3.100000e-06
2.400000e-04
3.100000e-06
5.500000e-05
4.200000e-03
6.000000e-05
6.000000e-05
6.000000e-05
6.200000e-05
1.700000e-01
4.300000e-05
1.800000e-01
1.800000e-01
1.800000e-01
1.200000e-05
1.200000e-05
1.200000e-05
4.500000e-05
4.400000e-04
5.700000e-05
5.700000e-05
2.500000e-04
5.700000e-05
5.700000e-05
5.700000e-05
5.700000e-05
2.500000e-04
6.500000e-05
6.500000e-05
6.500000e-05
4.300000e-05
6.500000e-05
1.400000e-04
3.800000e-04
4.400000e-04
6.500000e-05
6.500000e-05
2.400000e-05
2.300000e-05
2.300000e-05
2.400000e-05
2.400000e-05
2.400000e-05
2.400000e-05
3.100000e-04
4.100000e-04
3.900000e-05
3.800000e-05
3.200000e+00
2.300000e-05
6.400000e-06
5.800000e-05
3.900000e-05
5.900000e-05
2.400000e+00
3.200000e+00
2.200000e-05
8.300000e-01
9.400000e-05
8.100000e-04
2.300000e-05
8.100000e-04
8.600000e-01
1.800000e-04
1.800000e-04
6.600000e-05
7.700000e-04
7.400000e-04
3.700000e-02
7.400000e-04
3.800000e-02
7.400000e-04
3.700000e-02
3.700000e-02
7.400000e-04
3.700000e-02
1.400000e-05
1.400000e-05
1.400000e-05
5.400000e-05
1.400000e-05
1.500000e-06
1.500000e-06
1.500000e-06
8.800000e-04
9.200000e-04
6.700000e-05
6.700000e-05
6.500000e-05
3.700000e-04
1.200000e-03
1.200000e-03
6.800000e-05
3.000000e-01
2.700000e-05
2.700000e-05
2.700000e-05
4.400000e+00
1.900000e-04
1.900000e-04
2.700000e-05
1.100000e-05
3.400000e-05
6.600000e-05
9.100000e-05
6.600000e-04
2.700000e-05
2.700000e-05
2.700000e-05
2.700000e-05
2.800000e-05
2.800000e-05
2.800000e-05
2.800000e-05
1.300000e-06
1.300000e-06
1.000000e-03
3.000000e-04
5.800000e-05
3.000000e-04
1.300000e-06
3.000000e-04
4.500000e-03
4.700000e+00
4.700000e+00
4.700000e+00
8.500000e-06
8.500000e-06
8.500000e-06
4.300000e-06
8.500000e-06
4.700000e+00
3.100000e-04
2.200000e-04
2.200000e-04
1.100000e-04
1.100000e-04
1.100000e-04
2.700000e+00
2.700000e+00
2.700000e+00
2.700000e+00
1.100000e-04
1.100000e-04
1.100000e-04
1.000000e-04
1.000000e-04
1.000000e-04
1.000000e-04
1.000000e-04
1.100000e-04
1.300000e-05
2.700000e-06
1.600000e-05
1.600000e-05
3.400000e-05
2.300000e-01
2.200000e-01
2.800000e-05
2.300000e-06
9.200000e-04
6.500000e-06
2.900000e-05
3.000000e-05
2.400000e-04
2.400000e-04
1.800000e-04
3.600000e-04
3.000000e-05
6.500000e-06
8.900000e-05
8.900000e-05
8.900000e-05
8.900000e-05
8.900000e-05
8.900000e-05
8.900000e-05
6.300000e-04
8.900000e-05
8.900000e-05
4.400000e-05
4.400000e-05
4.400000e-05
4.400000e-05
3.400000e-05
3.400000e-05
3.400000e-05
3.400000e-05
3.400000e-05
1.100000e+00
3.000000e-05
3.100000e-05
3.000000e-05
3.100000e-05
3.100000e-05
3.100000e-05
3.100000e-05
3.100000e-05
2.300000e-05
2.300000e-05
2.100000e-01
2.300000e-05
6.700000e-04
2.100000e-05
4.100000e-04
3.400000e-01
4.000000e-04
2.300000e-05
3.800000e-05
1.100000e-01
2.900000e-05
8.700000e-06
7.800000e-06
7.800000e-06
7.800000e-06
7.800000e-06
3.500000e-05
3.500000e-05
3.500000e-06
3.400000e-06
3.400000e-06
3.400000e-06
3.400000e-06
3.400000e-06
3.800000e-05
5.300000e-05
5.100000e-05
8.500000e-06
8.500000e-06
8.500000e-06
4.300000e-06
4.300000e-06
8.500000e-06
8.500000e-06
4.300000e-06
4.100000e-05
4.700000e+00
1.200000e-04
1.200000e-04
1.200000e-04
1.200000e-04
1.200000e-04
1.200000e-04
1.200000e-04
1.200000e-04
1.200000e-04
1.200000e-04
4.600000e-05
4.600000e-05
4.600000e-05
7.300000e-05
4.600000e-05
7.300000e-05
6.500000e-05
7.300000e-05
8.200000e-04
3.800000e+00
4.800000e-07
2.600000e-06
2.600000e-06
2.600000e-06
4.800000e-07
4.800000e-07
5.000000e-07
6.300000e-05
2.100000e-06
2.100000e-06
5.200000e-05
5.200000e-05
5.200000e-05
5.200000e-05
5.200000e-05
6.800000e-05
5.200000e-05
2.000000e-03
5.200000e-05
1.200000e-03
2.300000e-05
2.300000e-05
2.300000e-05
2.300000e-05
2.200000e-05
1.900000e-04
1.800000e-04
1.500000e-04
2.200000e-05
2.300000e-05
3.300000e-02
3.300000e-02
5.400000e-05
1.100000e-05
4.000000e-05
1.100000e-05
1.100000e-05
9.900000e-05
1.100000e-05
2.100000e-04
2.100000e-04
1.100000e-05
4.700000e-07
3.000000e-04
5.200000e-05
5.200000e-05
5.200000e-05
5.200000e-05
5.200000e-05
5.200000e-05
5.200000e-05
5.200000e-05
5.200000e-05
5.200000e-05
1.600000e-05
1.500000e-05
1.500000e-05
5.900000e-05
6.000000e-05
5.900000e-05
1.600000e-05
1.200000e+00
1.200000e+00
1.500000e-05
5.200000e-05
5.200000e-05
5.200000e-05
1.100000e-05
1.100000e-05
1.100000e-05
5.600000e+00
3.900000e-04
2.400000e-01
2.400000e-01
2.400000e-01
2.400000e-01
2.400000e-01
2.400000e-01
7.700000e-04
2.500000e-01
2.400000e-01
2.400000e-01
2.300000e-01
2.300000e-01
2.300000e-01
2.300000e-01
2.300000e-01
7.400000e-05
2.800000e-06
2.800000e-06
2.800000e-06
3.000000e-04
2.800000e-05
1.200000e-05
5.300000e-05
5.200000e-05
9.500000e-05
5.300000e-05
2.100000e-04
1.600000e-05
1.600000e-01
1.600000e-01
1.600000e-01
6.300000e-06
2.700000e-05
1.600000e-01
1.600000e-01
6.300000e-06
1.100000e-05
1.100000e-05
1.100000e-05
1.100000e-05
1.100000e-05
1.100000e-05
1.100000e-05
9.800000e-03
9.800000e-03
9.800000e-03
4.600000e-07
9.000000e-01
9.000000e-01
9.000000e-01
9.000000e-01
9.000000e-01
5.000000e-06
9.000000e-01
1.400000e-04
1.600000e-03
6.100000e-03
1.600000e-03
1.700000e-03
1.600000e-03
3.300000e-04
1.800000e-03
2.300000e-04
2.300000e-04
2.400000e-04
3.600000e-04
3.500000e-04
8.300000e-05
3.600000e-04
3.500000e-04
3.600000e-04
6.400000e+00
6.400000e+00
8.300000e-05
8.300000e-05
2.000000e-05
2.000000e-05
2.000000e-05
2.000000e-05
2.000000e-05
2.000000e-05
2.000000e-05
2.000000e-05
2.000000e-05
8.100000e-05
8.100000e-05
7.900000e-05
5.300000e-04
5.300000e-04
1.700000e-05
1.900000e-04
8.100000e-05
9.700000e-06
3.700000e-05
3.700000e-05
5.400000e-06
5.300000e-06
1.600000e-04
9.400000e-05
9.400000e-05
4.500000e-05
1.200000e-05
1.700000e+00
6.500000e-05
6.500000e-05
5.300000e-05
5.400000e-05
6.800000e-05
2.000000e-03
1.600000e-03
1.800000e-03
1.800000e+00
1.200000e-05
1.200000e-05
5.700000e-05
5.600000e-05
5.600000e-05
9.700000e-05
1.200000e-05
1.200000e-05
4.300000e-05
4.300000e-05
3.900000e-07
3.900000e-07
7.700000e-05
7.700000e-05
8.700000e-06
7.700000e-05
1.400000e-05
1.400000e-05
4.600000e-04
1.400000e-05
1.400000e-05
1.400000e-05
1.400000e-05
6.900000e-04
6.900000e-04
5.200000e-04
4.100000e-05
4.100000e-05
4.100000e-05
4.100000e-05
4.100000e-05
4.100000e-05
3.300000e-06
4.100000e-05
4.200000e-05
3.300000e-06
3.000000e-03
1.900000e-03
3.000000e-03
3.000000e-03
5.400000e-04
7.100000e-03
1.800000e-03
3.000000e-03
3.000000e-03
5.300000e-04
4.000000e-05
4.000000e-05
4.000000e-05
4.000000e-05
4.000000e-05
1.100000e-05
1.100000e-05
5.200000e-05
6.500000e-05
6.500000e-05
6.500000e-05
6.500000e-05
3.800000e-04
3.800000e-04
6.500000e-05
2.900000e-03
6.500000e-05
5.400000e-05
5.400000e-05
5.400000e-05
5.400000e-05
5.400000e-05
5.400000e-05
5.400000e-05
5.400000e-05
5.400000e-05
5.400000e-05
2.400000e-03
1.000000e-01
1.000000e-01
2.900000e-02
2.200000e-02
2.200000e-02
1.200000e-03
1.200000e-03
6.800000e-01
2.400000e-02
3.100000e-03
7.900000e-01
4.100000e-04
3.100000e-04
1.800000e-04
3.000000e-04
8.100000e-01
8.100000e-01
5.200000e-01
4.100000e-04
9.100000e-05
9.300000e-05
2.100000e-05
2.100000e-05
1.400000e-04
5.000000e-04
5.000000e-04
4.000000e-04
3.400000e-04
3.400000e-04
1.100000e-05
1.100000e-05
1.100000e-05
4.000000e-04
6.600000e-01
6.600000e-01
2.500000e-03
4.600000e-01
1.200000e+00
1.200000e+00
1.200000e+00
1.200000e+00
9.300000e-01
1.900000e-01
4.300000e-05
7.900000e-01
4.200000e-05
4.200000e-05
4.200000e-05
7.700000e-01
3.500000e-04
2.100000e-04
1.600000e-04
3.400000e-05
