2.800000e-14
1.400000e-13
1.500000e-13
9.600000e-14
3.900000e-13
1.000000e-13
5.500000e-15
5.500000e-15
2.000000e-14
5.500000e-15
8.900000e-12
8.200000e-11
8.200000e-11
2.700000e-11
3.500000e-11
3.400000e-12
3.400000e-12
6.100000e-13
3.700000e-10
3.200000e-12
7.100000e-07
2.700000e-08
2.200000e-06
1.200000e-06
8.800000e-09
1.100000e-08
1.600000e-07
6.900000e-07
1.600000e-07
6.200000e-08
6.500000e-17
7.400000e-15
1.500000e-15
4.100000e-15
9.700000e-16
1.700000e-14
7.400000e-15
1.100000e-14
2.800000e-17
8.600000e-18
1.200000e-11
2.700000e-11
4.500000e-12
2.500000e-11
5.000000e-11
3.800000e-11
3.800000e-11
3.800000e-11
7.900000e-11
4.500000e-12
9.500000e-17
1.300000e-15
1.700000e-14
5.700000e-16
2.500000e-16
2.400000e-15
2.900000e-15
7.000000e-16
9.200000e-18
1.700000e-18
2.100000e-08
3.000000e-09
1.400000e-08
2.100000e-08
5.300000e-09
5.300000e-09
7.200000e-09
2.700000e-08
6.300000e-09
6.300000e-10
1.700000e-14
1.200000e-13
8.000000e-12
6.300000e-12
4.100000e-13
9.600000e-14
1.500000e-14
5.400000e-12
4.700000e-11
1.900000e-13
1.600000e-11
1.600000e-11
7.400000e-11
4.600000e-11
9.100000e-11
1.700000e-10
9.300000e-11
1.900000e-12
3.500000e-11
1.700000e-11
2.100000e-14
6.500000e-13
7.100000e-14
1.700000e-13
1.200000e-13
4.300000e-13
5.200000e-13
5.200000e-13
5.800000e-14
1.800000e-14
8.400000e-15
4.200000e-14
6.500000e-15
3.800000e-14
1.900000e-15
1.900000e-15
1.300000e-13
3.100000e-16
3.100000e-16
8.900000e-16
8.400000e-10
8.900000e-09
3.100000e-09
8.600000e-10
4.900000e-09
1.300000e-08
2.600000e-08
2.600000e-08
2.600000e-08
2.900000e-10
2.700000e-12
1.800000e-13
6.200000e-13
5.200000e-13
5.500000e-14
6.000000e-14
1.800000e-13
3.300000e-13
1.200000e-12
5.300000e-12
7.600000e-13
3.100000e-12
4.000000e-13
4.400000e-13
7.100000e-13
6.200000e-12
6.200000e-12
2.600000e-11
2.100000e-10
3.900000e-12
1.200000e-10
4.100000e-10
4.500000e-12
4.100000e-11
1.600000e-11
3.100000e-11
5.500000e-11
3.100000e-11
2.100000e-10
1.100000e-09
5.200000e-09
9.600000e-11
7.300000e-11
2.200000e-10
1.300000e-12
4.700000e-12
1.300000e-11
1.400000e-11
1.700000e-10
3.800000e-10
8.900000e-09
3.300000e-10
3.300000e-10
1.200000e-09
5.800000e-10
3.300000e-09
2.300000e-10
2.300000e-10
4.800000e-15
5.400000e-13
9.200000e-12
2.200000e-12
6.600000e-14
4.700000e-13
1.600000e-12
1.600000e-12
4.200000e-14
3.400000e-13
5.400000e-12
5.400000e-12
3.600000e-12
3.300000e-12
7.700000e-13
7.400000e-13
7.200000e-12
7.200000e-12
4.700000e-13
2.400000e-14
1.200000e-14
1.100000e-14
4.400000e-14
3.400000e-15
1.100000e-14
3.800000e-15
2.700000e-14
6.300000e-16
1.500000e-15
2.500000e-15
9.600000e-13
9.600000e-13
7.000000e-13
4.300000e-12
9.600000e-14
3.900000e-13
1.100000e-12
5.700000e-14
3.500000e-14
3.200000e-13
2.400000e-15
1.100000e-16
2.600000e-15
1.000000e-14
9.200000e-14
6.900000e-14
6.900000e-14
1.500000e-13
6.600000e-13
1.500000e-13
3.000000e-15
3.000000e-15
3.000000e-15
1.600000e-14
3.000000e-15
3.000000e-15
3.000000e-15
3.000000e-15
3.000000e-15
3.000000e-15
7.300000e-13
7.300000e-13
2.100000e-11
1.400000e-13
1.100000e-12
4.800000e-12
4.800000e-12
3.900000e-12
1.800000e-11
1.500000e-13
4.800000e-14
4.800000e-14
4.800000e-14
9.000000e-14
5.100000e-13
1.000000e-12
2.700000e-13
3.200000e-14
8.000000e-14
3.200000e-14
3.300000e-12
1.300000e-10
1.300000e-10
6.400000e-12
9.200000e-12
3.600000e-12
1.200000e-11
1.200000e-11
1.800000e-11
3.500000e-12
1.600000e-13
1.900000e-13
3.300000e-14
8.400000e-14
2.300000e-13
8.900000e-14
8.900000e-14
8.900000e-14
1.300000e-13
2.900000e-14
5.500000e-15
1.000000e-13
2.900000e-16
4.200000e-17
1.700000e-13
3.200000e-14
1.300000e-12
4.600000e-16
1.800000e-15
1.900000e-15
7.200000e-15
2.900000e-14
5.000000e-10
6.000000e-10
2.600000e-08
5.300000e-07
8.600000e-08
8.200000e-09
5.800000e-11
1.000000e-08
3.900000e-09
4.200000e-10
3.600000e-15
3.600000e-15
1.600000e-14
1.400000e-15
1.400000e-15
3.100000e-15
8.900000e-15
8.900000e-15
9.800000e-15
2.300000e-15
2.000000e-14
1.000000e-12
2.200000e-13
2.500000e-12
4.700000e-11
2.000000e-14
8.400000e-13
5.100000e-15
1.600000e-13
5.100000e-15
7.000000e-14
4.700000e-14
2.800000e-14
8.500000e-14
6.100000e-14
6.100000e-14
6.100000e-14
1.600000e-14
3.900000e-15
8.000000e-15
3.100000e-13
5.900000e-14
6.600000e-14
1.600000e-10
2.300000e-11
7.700000e-13
8.800000e-12
1.700000e-13
1.300000e-13
2.700000e-13
5.500000e-16
3.900000e-17
3.000000e-15
4.200000e-16
4.400000e-17
1.200000e-16
5.300000e-17
1.800000e-14
1.800000e-14
2.200000e-15
2.200000e-11
3.600000e-10
5.500000e-11
1.900000e-13
8.200000e-13
7.300000e-14
7.300000e-14
7.300000e-14
1.100000e-10
3.400000e-14
4.600000e-09
3.900000e-08
3.000000e-09
4.100000e-09
2.800000e-09
3.600000e-08
3.600000e-08
3.600000e-08
3.100000e-09
7.100000e-10
4.200000e-11
2.100000e-08
4.300000e-09
2.900000e-08
1.200000e-10
1.900000e-09
1.100000e-08
2.400000e-10
7.300000e-09
1.100000e-10
8.100000e-12
8.100000e-12
4.400000e-11
1.300000e-07
1.800000e-08
4.000000e-08
4.200000e-11
2.500000e-12
4.200000e-11
5.700000e-11
1.400000e-08
8.700000e-10
4.300000e-08
3.100000e-07
6.100000e-08
7.900000e-12
5.900000e-08
3.200000e-10
8.000000e-10
3.500000e-11
1.300000e-10
4.000000e-11
7.300000e-12
1.100000e-11
7.200000e-10
3.100000e-12
1.400000e-10
1.200000e-10
2.000000e-10
1.500000e-11
1.500000e-11
3.400000e-12
2.100000e-08
8.200000e-10
5.600000e-12
6.600000e-10
7.200000e-10
5.000000e-11
2.800000e-10
2.700000e-17
2.700000e-17
6.500000e-16
1.600000e-14
6.300000e-16
6.300000e-16
5.500000e-15
2.400000e-15
4.800000e-15
8.100000e-16
2.100000e-09
4.600000e-10
2.300000e-10
1.100000e-09
7.100000e-10
1.200000e-11
1.200000e-11
1.200000e-11
4.800000e-09
7.000000e-11
1.000000e-06
4.800000e-07
3.400000e-05
1.300000e-06
3.200000e-08
1.300000e-06
1.300000e-06
4.800000e-06
3.500000e-07
1.700000e-07
1.000000e-12
9.300000e-14
8.100000e-12
3.600000e-13
1.400000e-12
1.100000e-13
1.500000e-14
1.300000e-13
8.300000e-15
5.700000e-13
5.100000e-12
3.600000e-12
1.300000e-11
5.100000e-10
1.500000e-12
1.500000e-12
1.100000e-11
1.500000e-12
9.400000e-11
6.700000e-13
9.300000e-09
9.500000e-10
6.000000e-08
5.600000e-08
6.900000e-08
9.900000e-09
2.200000e-09
7.600000e-09
2.100000e-09
5.400000e-10
6.900000e-15
1.700000e-16
2.700000e-15
1.300000e-16
1.700000e-15
2.200000e-15
5.900000e-16
5.900000e-16
1.100000e-14
9.200000e-17
7.000000e-10
1.100000e-10
1.100000e-10
7.900000e-11
2.400000e-10
2.700000e-11
5.500000e-12
5.500000e-12
2.600000e-11
5.500000e-12
1.200000e-12
1.900000e-13
5.100000e-14
6.100000e-14
3.500000e-13
1.300000e-13
8.600000e-12
2.400000e-13
9.100000e-14
1.600000e-14
1.800000e-14
1.200000e-13
1.800000e-13
4.700000e-13
3.000000e-14
3.000000e-14
1.400000e-13
1.400000e-13
3.100000e-14
3.500000e-13
9.900000e-18
1.500000e-16
2.000000e-18
4.900000e-16
5.300000e-17
5.300000e-17
2.000000e-18
1.900000e-17
2.000000e-18
6.800000e-18
6.800000e-18
3.500000e-17
1.900000e-17
1.600000e-17
6.400000e-18
5.200000e-17
6.400000e-18
4.300000e-17
9.900000e-18
3.600000e-06
3.600000e-06
9.100000e-05
6.600000e-05
4.800000e-06
7.400000e-06
2.800000e-05
1.500000e-05
1.500000e-05
1.600000e-06
3.900000e-10
3.900000e-10
4.500000e-09
3.400000e-10
5.500000e-10
6.200000e-10
4.400000e-09
4.400000e-09
4.300000e-09
1.300000e-10
2.400000e-18
3.400000e-18
3.400000e-18
1.400000e-17
1.400000e-17
3.900000e-17
1.000000e-18
1.000000e-18
1.000000e-18
1.000000e-18
6.400000e-15
6.400000e-15
3.200000e-14
3.200000e-14
1.100000e-13
3.000000e-14
7.000000e-13
7.000000e-13
5.200000e-14
8.600000e-16
7.200000e-15
3.400000e-13
1.600000e-12
5.800000e-13
6.800000e-14
2.000000e-12
2.600000e-13
1.000000e-14
1.400000e-13
4.100000e-14
1.300000e-13
5.100000e-13
1.500000e-13
4.600000e-13
9.700000e-13
6.600000e-13
1.700000e-13
7.300000e-14
3.200000e-13
9.400000e-15
9.400000e-15
5.300000e-14
1.400000e-13
9.400000e-14
1.800000e-14
5.400000e-14
3.300000e-14
3.300000e-14
3.300000e-14
3.300000e-14
2.900000e-14
5.700000e-15
2.100000e-15
2.100000e-15
9.700000e-15
2.500000e-14
9.400000e-15
2.100000e-15
2.100000e-15
4.000000e-16
1.500000e-15
4.000000e-16
7.700000e-09
7.400000e-09
6.600000e-09
1.800000e-07
6.900000e-08
4.900000e-08
8.500000e-08
1.200000e-09
1.200000e-09
2.700000e-10
2.500000e-13
1.300000e-14
4.200000e-14
2.900000e-14
2.900000e-14
1.100000e-13
4.100000e-13
4.100000e-13
2.200000e-14
2.700000e-13
1.800000e-11
9.900000e-11
8.300000e-11
3.100000e-11
1.300000e-11
4.800000e-14
1.400000e-11
4.200000e-07
6.500000e-11
1.000000e-11
1.400000e-14
2.700000e-13
3.100000e-13
7.700000e-13
2.000000e-13
3.100000e-12
1.700000e-12
3.400000e-13
6.000000e-15
2.300000e-15
1.800000e-15
7.100000e-13
7.100000e-13
8.400000e-15
8.400000e-15
8.400000e-15
9.000000e-14
2.300000e-15
1.300000e-15
6.300000e-15
1.000000e-14
2.300000e-15
2.300000e-15
3.800000e-14
2.600000e-14
2.200000e-14
2.200000e-14
2.200000e-14
2.200000e-14
1.700000e-14
8.200000e-11
5.200000e-11
1.700000e-08
1.700000e-08
1.700000e-08
2.100000e-10
4.300000e-10
3.800000e-09
4.900000e-11
5.700000e-09
1.700000e-15
1.500000e-15
1.500000e-15
9.000000e-15
1.500000e-15
7.500000e-15
3.800000e-15
4.000000e-16
4.000000e-16
4.000000e-16
2.000000e-11
1.400000e-10
9.600000e-10
1.800000e-09
8.100000e-10
5.500000e-09
4.100000e-11
2.700000e-10
3.500000e-10
3.400000e-11
1.500000e-14
5.100000e-15
2.700000e-14
2.900000e-13
1.100000e-13
1.500000e-14
9.400000e-16
2.300000e-15
7.500000e-15
2.900000e-14
6.700000e-10
1.000000e-09
2.800000e-10
6.000000e-10
4.700000e-10
8.100000e-11
1.500000e-09
1.500000e-09
1.000000e-10
2.500000e-11
6.400000e-17
2.000000e-18
6.900000e-18
1.600000e-16
8.900000e-17
8.900000e-17
8.900000e-17
8.900000e-17
2.000000e-18
1.000000e-06
1.300000e-07
2.200000e-06
5.800000e-06
3.800000e-04
1.400000e-04
8.500000e-04
8.400000e-06
3.100000e-06
2.200000e-07
2.800000e-14
5.200000e-14
2.100000e-13
2.400000e-12
3.800000e-13
2.300000e-12
1.900000e-12
1.900000e-12
1.300000e-12
4.100000e-13
3.500000e-06
1.600000e-05
2.100000e-05
3.000000e-07
2.000000e-05
3.900000e-06
5.100000e-06
1.300000e-05
1.700000e-04
3.800000e-04
1.000000e-13
3.600000e-14
6.000000e-12
8.100000e-13
1.700000e-13
3.500000e-12
1.100000e-13
1.100000e-13
3.500000e-14
5.600000e-15
2.700000e-06
2.700000e-06
8.600000e-05
7.900000e-05
8.000000e-06
2.300000e-05
2.300000e-05
2.300000e-05
2.700000e-06
2.700000e-06
7.600000e-06
1.400000e-04
3.300000e-06
1.400000e-05
2.200000e-05
2.400000e-06
9.500000e-07
2.200000e-06
6.500000e-06
3.800000e-06
9.800000e-12
3.300000e-13
3.500000e-12
5.700000e-13
5.700000e-13
2.200000e-12
5.300000e-13
4.900000e-13
7.000000e-12
5.400000e-13
4.300000e-15
3.700000e-16
8.500000e-14
1.600000e-13
1.300000e-16
1.100000e-13
1.500000e-15
6.600000e-16
6.600000e-16
8.300000e-17
4.100000e-14
1.800000e-13
1.800000e-13
7.400000e-12
7.300000e-12
7.300000e-12
1.300000e-13
3.000000e-15
4.300000e-14
4.700000e-14
2.400000e-13
2.900000e-14
2.900000e-14
2.900000e-14
3.700000e-13
1.700000e-14
1.700000e-14
1.700000e-14
2.600000e-12
1.700000e-14
7.400000e-15
7.400000e-15
3.500000e-14
2.500000e-13
3.500000e-14
3.500000e-14
7.400000e-15
7.400000e-15
2.300000e-14
7.400000e-15
2.400000e-10
2.900000e-09
2.900000e-09
1.400000e-08
4.800000e-08
4.800000e-08
7.000000e-10
1.100000e-11
4.400000e-10
6.600000e-11
2.200000e-09
2.200000e-09
5.500000e-10
6.500000e-11
9.500000e-11
1.400000e-10
3.800000e-11
4.400000e-12
6.600000e-12
2.800000e-11
2.700000e-14
2.700000e-14
1.600000e-11
2.400000e-10
4.400000e-12
1.400000e-12
6.800000e-13
2.700000e-13
2.900000e-14
7.300000e-14
1.300000e-14
1.300000e-14
4.800000e-12
8.400000e-13
1.400000e-13
6.400000e-14
5.800000e-14
7.800000e-16
1.600000e-14
3.900000e-15
3.200000e-13
2.800000e-14
7.400000e-12
2.600000e-13
9.800000e-14
3.800000e-13
1.500000e-13
3.100000e-14
2.200000e-13
2.100000e-15
1.900000e-13
9.200000e-12
2.000000e-10
9.500000e-12
1.600000e-10
1.100000e-11
1.800000e-11
1.000000e-12
5.900000e-13
4.900000e-13
