2.500000e-06
2.500000e-06
9.900000e-08
1.700000e-09
1.700000e-09
3.300000e-10
1.600000e-08
3.400000e-10
8.200000e-08
1.900000e-08
4.500000e-07
7.300000e-09
7.300000e-09
7.300000e-09
8.100000e-06
7.300000e-09
2.500000e-06
3.000000e-07
7.300000e-09
4.500000e-07
5.100000e-07
5.100000e-07
5.200000e-07
5.200000e-07
5.100000e-09
2.100000e-07
2.300000e-07
1.300000e-06
5.300000e-09
5.300000e-09
2.400000e-06
1.800000e-08
1.700000e-06
1.800000e-08
1.700000e-08
1.700000e-08
1.700000e-08
6.000000e-07
3.200000e-10
1.400000e-08
3.600000e-10
3.600000e-10
3.000000e-08
3.000000e-08
3.600000e-10
1.900000e-08
3.600000e-10
6.900000e-07
3.600000e-10
3.000000e-08
3.400000e-05
3.400000e-05
3.400000e-05
3.400000e-05
3.400000e-05
8.700000e-08
4.200000e-06
2.700000e-06
1.000000e-05
4.000000e-08
3.400000e-04
3.400000e-04
9.100000e-05
5.500000e-04
5.500000e-04
9.500000e-05
9.100000e-05
9.500000e-05
5.700000e-04
9.100000e-05
6.400000e-08
6.400000e-08
6.800000e-08
1.300000e-08
1.300000e-08
2.200000e-10
2.200000e-10
1.100000e-09
5.200000e-08
1.200000e-08
1.200000e-09
1.200000e-09
1.200000e-09
1.200000e-09
1.200000e-09
1.200000e-09
1.200000e-09
5.800000e-09
1.200000e-09
1.200000e-09
5.100000e-09
5.200000e-09
5.100000e-09
5.100000e-09
1.000000e-09
1.000000e-09
1.000000e-09
1.000000e-09
5.200000e-09
5.100000e-09
1.600000e-09
1.600000e-09
1.600000e-09
2.100000e-08
2.400000e-12
2.400000e-12
2.400000e-12
2.400000e-12
2.600000e-10
2.600000e-10
2.400000e-12
2.400000e-12
2.400000e-12
2.600000e-10
9.900000e-08
3.300000e-06
2.600000e-06
3.200000e-06
3.200000e-06
1.400000e-07
9.900000e-08
1.700000e-09
1.000000e-07
9.700000e-08
1.400000e-06
1.400000e-06
5.200000e-05
5.200000e-05
6.900000e-07
6.900000e-07
1.800000e-08
2.600000e-05
2.600000e-05
6.900000e-07
5.900000e-09
4.500000e-07
4.500000e-07
1.200000e-09
1.200000e-09
1.200000e-09
1.200000e-09
2.600000e-08
8.600000e-08
9.700000e-08
1.500000e-09
6.700000e-08
5.900000e-09
4.200000e-07
3.000000e-10
1.200000e-08
1.200000e-08
7.200000e-08
2.500000e-08
1.500000e-09
1.200000e-06
1.300000e-06
1.200000e-06
1.200000e-06
1.200000e-06
1.200000e-06
1.200000e-06
7.000000e-06
7.100000e-06
2.900000e-08
2.600000e-10
2.600000e-10
1.500000e-08
1.500000e-08
2.600000e-10
1.200000e-08
2.800000e-10
1.100000e-08
1.600000e-06
1.600000e-06
1.600000e-06
1.600000e-06
1.600000e-06
1.600000e-06
1.600000e-06
8.300000e-06
8.600000e-06
1.600000e-06
3.800000e-06
2.100000e-07
3.000000e-07
3.000000e-07
5.200000e-06
1.000000e-10
5.600000e-04
9.600000e-07
1.300000e-07
6.500000e-12
9.400000e-07
9.400000e-07
9.400000e-07
9.400000e-07
2.600000e-06
1.100000e-06
4.600000e-06
7.300000e-07
2.600000e-08
1.100000e-04
4.600000e-05
4.700000e-03
1.300000e-06
3.000000e-10
3.700000e-05
4.500000e-05
1.400000e-06
8.400000e-08
1.500000e-06
1.100000e-06
2.700000e-06
2.700000e-08
3.300000e-06
2.700000e-08
6.300000e-07
1.700000e-06
1.300000e-04
4.800000e-07
9.500000e-06
1.200000e-05
9.300000e-06
4.800000e-09
4.800000e-09
4.800000e-09
2.700000e-06
4.800000e-07
4.800000e-09
1.400000e-09
7.100000e-09
7.100000e-09
7.100000e-09
1.400000e-09
4.700000e-08
4.700000e-08
1.400000e-06
1.000000e-07
1.100000e-07
2.700000e-08
3.200000e-10
3.200000e-10
1.000000e-06
2.000000e-08
1.200000e-06
5.700000e-07
4.200000e-07
2.700000e-08
6.300000e-07
1.500000e-06
1.500000e-08
2.100000e-06
1.100000e-06
1.100000e-06
2.300000e-08
2.800000e-10
5.200000e-07
5.200000e-07
5.800000e-07
5.800000e-09
5.800000e-09
5.900000e-09
5.900000e-09
5.900000e-09
4.000000e-08
3.100000e-08
9.500000e-07
5.900000e-09
5.800000e-09
4.500000e-09
4.500000e-09
2.100000e-07
2.900000e-07
2.900000e-07
3.800000e-06
4.600000e-09
8.200000e-08
8.200000e-08
4.600000e-09
6.500000e-08
6.500000e-08
1.500000e-08
1.500000e-08
1.500000e-08
2.400000e-10
2.400000e-10
1.200000e-09
7.000000e-08
1.400000e-08
2.900000e-05
2.900000e-05
2.900000e-05
2.900000e-05
2.900000e-05
2.500000e-04
2.900000e-05
2.900000e-05
2.900000e-05
2.900000e-05
8.500000e-05
1.700000e-04
6.600000e-04
9.200000e-06
5.900000e-04
2.700000e-04
9.900000e-04
8.700000e-04
1.600000e-04
6.400000e-04
8.200000e-08
8.200000e-08
1.800000e-08
8.200000e-08
1.700000e-08
8.300000e-07
8.300000e-07
6.000000e-07
6.000000e-07
8.200000e-08
4.300000e-09
4.300000e-09
4.500000e-09
4.500000e-09
4.500000e-09
1.500000e-07
8.900000e-10
5.600000e-08
1.900000e-08
4.300000e-09
3.000000e-05
3.000000e-05
3.000000e-05
3.000000e-05
2.900000e-05
3.000000e-05
3.000000e-05
3.100000e-05
2.900000e-05
3.000000e-05
1.200000e-07
2.800000e-09
2.800000e-09
2.700000e-09
2.700000e-09
3.400000e-06
4.000000e-06
1.900000e-05
2.800000e-09
1.500000e-07
5.300000e-04
5.300000e-04
5.300000e-04
5.300000e-04
5.300000e-04
5.300000e-04
5.300000e-04
5.200000e-04
5.800000e-04
5.800000e-04
1.500000e-09
1.200000e-10
2.600000e-10
4.500000e-11
1.700000e-09
1.700000e-09
1.600000e-11
3.200000e-13
4.000000e-08
1.100000e-09
3.500000e-07
3.500000e-07
3.500000e-07
4.800000e-09
4.700000e-09
7.600000e-06
2.500000e-08
2.400000e-06
2.100000e-06
4.900000e-05
2.900000e-10
2.400000e-08
2.800000e-10
1.800000e-08
2.900000e-10
2.900000e-10
2.900000e-10
5.400000e-07
2.800000e-10
1.300000e-08
2.800000e-05
2.800000e-05
1.500000e-08
1.200000e-06
1.200000e-06
1.200000e-06
4.000000e-07
1.000000e-03
1.400000e-06
2.800000e-10
2.400000e-03
7.200000e-05
1.400000e-06
2.800000e-08
2.100000e-08
9.700000e-07
5.000000e-07
8.500000e-04
1.700000e-06
3.500000e-10
2.100000e-02
1.300000e-01
1.300000e-01
2.100000e-02
1.200000e-04
1.200000e-04
1.100000e-01
2.100000e-02
1.300000e-01
1.200000e-04
7.600000e-09
7.600000e-09
4.000000e-08
1.500000e-11
1.500000e-11
1.800000e-08
3.000000e-10
4.900000e-10
2.000000e-05
6.100000e-07
2.000000e-03
9.600000e-03
2.000000e-03
2.000000e-03
2.000000e-03
2.000000e-03
2.000000e-03
2.000000e-03
2.000000e-03
2.000000e-03
6.900000e-07
1.300000e-05
1.700000e-08
1.700000e-08
1.700000e-08
1.700000e-08
1.300000e-05
1.600000e-07
7.300000e-07
7.300000e-07
2.700000e-07
5.400000e-09
5.600000e-09
5.600000e-09
5.600000e-09
5.600000e-09
1.500000e-07
3.600000e-06
8.100000e-08
9.100000e-08
8.600000e-01
1.300000e-01
8.600000e-08
2.200000e-06
1.500000e-09
1.400000e-09
1.400000e-09
1.200000e-07
9.700000e-08
2.800000e-10
8.400000e-08
1.600000e-08
4.800000e-05
1.300000e-05
5.900000e-05
3.600000e-04
4.300000e-09
4.300000e-09
4.300000e-09
7.800000e-04
7.800000e-04
6.400000e-12
1.400000e-03
5.000000e-08
5.700000e-08
1.600000e-12
5.100000e-07
2.100000e-04
1.700000e-06
1.300000e-05
8.100000e-06
1.200000e-05
4.600000e-06
2.300000e-04
1.300000e-05
2.400000e-06
1.600000e-05
1.300000e-03
2.800000e-05
1.100000e-05
1.300000e-05
2.300000e-05
7.300000e-04
1.700000e-06
5.900000e-05
1.600000e-08
1.600000e-08
9.000000e-07
2.100000e-08
1.900000e-08
8.300000e-09
2.400000e-05
7.400000e-07
2.100000e-06
2.100000e-06
2.300000e-08
2.300000e-08
2.300000e-08
2.300000e-08
2.800000e-10
5.200000e-07
5.200000e-07
1.300000e-08
2.700000e-07
2.600000e-07
4.200000e-09
2.600000e-07
1.800000e-07
3.100000e-06
1.800000e-07
1.800000e-07
1.800000e-07
1.800000e-07
3.600000e-09
3.600000e-09
3.600000e-09
3.500000e-09
3.900000e-06
3.500000e-09
3.500000e-09
3.500000e-09
3.500000e-09
2.300000e-07
1.600000e-08
1.600000e-08
1.900000e-08
1.700000e-08
1.600000e-08
1.600000e-08
3.000000e-10
1.100000e-08
3.000000e-10
1.400000e-08
2.100000e-08
7.800000e-07
2.100000e-08
2.100000e-08
2.100000e-08
2.100000e-08
8.600000e-07
7.800000e-07
7.800000e-07
7.800000e-07
3.600000e-09
3.600000e-09
3.600000e-09
3.600000e-09
3.600000e-09
3.600000e-09
3.600000e-09
3.600000e-09
3.600000e-09
3.600000e-09
2.000000e-07
4.900000e-09
4.800000e-09
2.000000e-07
4.800000e-09
4.800000e-09
4.800000e-09
4.800000e-09
4.800000e-09
4.800000e-09
3.400000e-04
3.000000e-04
3.400000e-04
3.400000e-04
3.000000e-04
3.000000e-04
3.800000e-03
1.900000e-04
2.400000e-06
4.100000e-05
8.500000e-08
6.100000e-07
3.200000e-11
2.100000e-09
2.600000e-07
3.600000e-08
1.600000e-09
3.900000e-05
1.700000e-11
2.000000e-09
2.200000e-07
9.800000e-05
3.300000e-10
5.300000e-06
8.000000e-05
2.200000e-08
2.900000e-08
4.500000e-10
1.900000e-08
4.500000e-10
3.600000e-05
6.400000e-07
2.100000e-03
1.000000e-06
7.000000e-10
1.400000e-08
5.300000e-11
1.400000e-08
1.300000e-07
2.600000e-10
1.500000e-12
2.600000e-10
5.300000e-11
1.500000e-10
9.800000e-03
1.600000e-02
1.600000e-02
9.800000e-03
1.600000e-03
1.600000e-03
3.400000e-03
1.600000e-02
1.600000e-02
1.600000e-03
4.700000e-08
6.200000e-08
6.200000e-08
1.100000e-09
1.100000e-09
1.100000e-09
4.700000e-08
1.600000e-08
1.100000e-09
4.800000e-08
3.400000e-10
3.400000e-10
3.400000e-10
3.400000e-10
3.400000e-10
3.400000e-10
3.400000e-10
7.400000e-09
2.800000e-08
2.800000e-08
3.100000e-06
5.100000e-09
5.300000e-09
5.100000e-09
2.100000e-07
2.100000e-07
5.700000e-06
5.100000e-09
5.100000e-09
5.100000e-09
2.100000e-07
1.400000e-04
4.800000e-03
1.400000e-04
1.400000e-04
1.400000e-04
9.900000e-04
5.300000e-04
5.300000e-04
1.400000e-04
1.400000e-04
8.200000e-04
3.500000e-03
5.800000e-03
2.000000e-02
6.400000e-06
8.600000e-08
8.600000e-08
8.600000e-08
1.100000e-09
1.100000e-09
8.600000e-08
8.600000e-08
8.600000e-08
6.800000e-08
3.000000e-10
2.100000e-08
1.700000e-08
3.000000e-10
3.000000e-10
2.300000e-08
2.300000e-08
3.000000e-10
3.000000e-10
1.300000e-08
6.700000e-05
1.700000e-07
5.000000e-08
1.900000e-06
2.300000e-07
1.300000e-07
9.000000e-11
1.000000e-06
7.600000e-08
7.900000e-06
2.800000e-07
5.700000e-09
5.900000e-09
5.900000e-09
5.900000e-09
5.900000e-09
2.000000e-07
8.600000e-08
2.600000e-08
1.200000e-09
3.000000e-10
3.000000e-10
3.000000e-10
3.000000e-10
3.000000e-10
3.000000e-10
3.000000e-10
3.000000e-10
3.000000e-10
3.000000e-10
2.100000e-08
1.100000e-06
1.900000e-08
3.400000e-10
3.400000e-10
3.400000e-10
1.900000e-08
1.900000e-08
5.100000e-07
5.100000e-07
6.100000e-07
6.500000e-07
6.300000e-07
1.100000e-06
1.200000e-08
1.200000e-06
1.900000e-05
3.300000e-06
6.100000e-07
1.600000e-08
4.300000e-09
4.300000e-09
1.800000e-08
2.200000e-07
1.200000e-07
3.900000e-09
8.400000e-08
3.400000e-08
6.500000e-10
3.900000e-08
4.000000e-10
2.100000e-09
2.000000e-09
4.000000e-10
4.000000e-10
4.100000e-10
5.500000e-08
7.800000e-08
3.400000e-08
3.600000e-08
6.900000e-05
8.200000e-08
1.400000e-07
1.100000e-07
5.300000e-09
2.300000e-07
1.300000e-10
2.900000e-07
1.200000e-05
5.300000e-05
7.900000e-08
1.200000e-09
2.400000e-10
1.200000e-09
2.400000e-10
2.000000e-08
2.100000e-08
3.900000e-05
1.000000e-05
3.900000e-05
3.900000e-05
3.900000e-05
3.900000e-05
9.600000e-06
9.600000e-06
5.300000e-07
3.000000e-10
3.000000e-10
2.500000e-08
1.800000e-08
2.900000e-10
2.400000e-08
2.900000e-10
2.400000e-08
1.100000e-08
1.100000e-08
1.600000e-06
3.600000e-07
4.500000e-05
4.500000e-05
4.100000e-04
2.700000e-05
2.700000e-05
1.100000e-05
1.100000e-05
1.600000e-06
2.600000e-11
3.700000e-14
4.400000e-14
3.900000e-16
3.900000e-16
3.900000e-16
3.700000e-14
1.100000e-10
3.300000e-12
1.800000e-14
6.300000e-07
6.300000e-07
6.300000e-07
2.400000e-05
6.500000e-07
1.600000e-06
1.700000e-06
3.900000e-05
6.300000e-07
6.300000e-07
2.400000e-07
2.400000e-07
2.400000e-07
3.400000e-08
1.000000e-09
2.700000e-10
1.000000e-09
2.200000e-08
7.200000e-08
8.000000e-08
7.900000e-05
3.700000e-05
4.100000e-03
7.100000e-07
1.600000e-08
1.600000e-08
1.100000e-06
4.200000e-07
4.200000e-07
3.000000e-10
4.200000e-09
8.600000e-10
4.200000e-09
4.200000e-09
4.200000e-09
1.400000e-07
1.100000e-07
1.400000e-07
1.400000e-07
4.200000e-09
4.600000e-09
4.600000e-09
2.600000e-08
2.600000e-08
2.600000e-08
2.300000e-06
3.100000e-10
2.600000e-08
3.100000e-10
5.900000e-07
4.200000e-07
1.700000e-08
