1.300000e+00
1.300000e+00
7.400000e+00
2.000000e+00
2.000000e+00
6.500000e+00
6.500000e+00
9.000000e-03
8.800000e-03
6.300000e+00
3.800000e+00
1.200000e+00
1.200000e+00
8.600000e-01
8.600000e-01
8.600000e-01
1.200000e+00
1.200000e+00
1.200000e+00
8.600000e-01
1.400000e+00
1.400000e+00
1.400000e+00
5.700000e+00
1.400000e+00
1.000000e-01
9.700000e-02
1.500000e+00
1.500000e+00
1.400000e+00
9.300000e-01
9.300000e-01
9.300000e-01
9.300000e-01
2.800000e-01
2.800000e-01
2.800000e-01
2.800000e-01
2.800000e-01
2.800000e-01
2.800000e-01
3.700000e-03
2.800000e-01
2.800000e-01
1.600000e-01
