2.900000e+00
4.100000e+00
5.300000e-01
3.700000e+00
2.000000e+01
5.900000e+00
3.900000e+00
1.500000e+01
1.600000e+01
1.900000e+00
1.500000e+00
1.000000e+01
3.500000e+00
1.400000e+01
6.200000e+00
5.300000e+00
7.400000e+00
2.700000e+00
4.200000e+00
8.400000e+00
1.300000e+01
1.200000e+01
8.700000e+00
2.300000e+00
4.200000e+00
1.800000e+00
3.800000e+00
4.100000e+00
1.000000e+01
6.800000e+00
8.100000e-01
1.200000e+01
1.600000e+01
3.700000e+00
1.100000e+01
1.200000e+01
6.000000e+00
6.000000e+00
4.300000e+00
4.400000e+00
2.700000e+00
2.600000e-01
8.900000e+00
1.100000e+01
3.400000e+00
1.500000e+01
6.800000e+00
8.200000e+00
1.000000e+01
1.000000e+01
7.100000e-02
2.700000e+00
1.500000e+01
6.200000e+00
2.900000e+00
1.000000e+01
2.600000e+00
1.900000e+01
1.500000e+01
1.100000e+01
3.400000e+00
1.300000e+01
6.600000e+00
1.400000e+01
4.800000e+00
5.700000e+00
1.200000e+01
3.000000e+00
5.400000e+00
1.000000e+01
8.200000e+00
3.200000e+00
2.300000e+00
2.500000e+00
5.500000e-01
7.400000e+00
