1.700000e-05
1.900000e-05
7.700000e-06
8.100000e-05
7.500000e-05
8.000000e-05
5.300000e-05
3.200000e-03
6.000000e-04
1.900000e-05
1.600000e-04
5.000000e-05
4.300000e-04
5.100000e-06
3.200000e-03
3.700000e-05
1.200000e-05
2.200000e-04
1.200000e-04
8.200000e-05
3.300000e-04
6.200000e-07
8.100000e-06
2.200000e-04
1.300000e-05
4.300000e-04
6.800000e-05
1.200000e-04
1.300000e-02
5.100000e-07
1.100000e-05
1.300000e-05
4.300000e-04
1.900000e-05
1.900000e-06
2.800000e-04
1.200000e-05
4.800000e-04
1.100000e-05
2.800000e-04
1.900000e-04
1.200000e-03
4.600000e-03
4.500000e-05
2.400000e-05
4.300000e-04
3.300000e-04
2.000000e-05
7.800000e-02
3.600000e-05
1.300000e-04
4.300000e-04
7.100000e-05
2.700000e-06
9.100000e-05
4.900000e-06
2.400000e-04
1.900000e-04
1.900000e-04
5.900000e-05
5.700000e-06
6.900000e-06
2.900000e-04
2.000000e-05
1.100000e-05
1.300000e-06
6.600000e-04
6.400000e-05
7.700000e-05
6.000000e-05
9.100000e-07
2.700000e-04
2.200000e-04
2.400000e-02
4.600000e-05
3.500000e-05
7.700000e-05
2.100000e-04
5.000000e-05
5.800000e-05
3.200000e-04
6.000000e-05
1.100000e-01
1.500000e-01
1.300000e+00
