3.300000e+00
8.400000e-03
3.700000e+00
5.700000e-04
4.700000e-04
6.100000e-04
4.400000e-01
6.300000e+00
1.400000e+00
5.300000e+00
3.800000e+00
1.600000e+00
2.800000e-01
4.900000e+00
4.900000e+00
5.100000e-04
2.200000e+00
1.700000e-01
6.300000e+00
1.700000e-01
3.900000e-01
4.700000e+00
1.200000e+00
5.100000e+00
5.800000e-01
4.700000e+00
4.300000e-04
6.400000e-04
5.600000e-01
7.900000e-01
4.500000e+00
2.800000e-01
5.700000e+00
2.000000e-03
2.000000e-03
3.200000e-03
5.000000e+00
5.100000e+00
3.900000e+00
3.200000e-03
1.600000e+00
1.300000e-01
3.100000e-04
4.100000e-04
4.900000e+00
3.600000e-01
8.400000e-01
1.400000e+00
