8.200000e-09
1.300000e-05
4.400000e-04
2.200000e-06
2.600000e-05
6.800000e-06
1.700000e-04
3.100000e-07
2.300000e-08
2.400000e-10
1.400000e-05
4.600000e-06
1.700000e-09
3.600000e-11
1.300000e-09
2.100000e-10
1.600000e-08
1.200000e-10
1.600000e-06
6.000000e-08
4.900000e-09
3.900000e-09
1.500000e-07
3.100000e-08
6.900000e-12
8.800000e-11
4.900000e-07
3.300000e-09
9.600000e-11
2.000000e-10
1.600000e-10
6.100000e-11
9.500000e-11
5.700000e-10
1.000000e-09
2.500000e-09
3.300000e-10
3.700000e-10
2.000000e-09
1.800000e-10
2.300000e-10
2.200000e-10
1.500000e-09
1.900000e-10
4.700000e-09
4.100000e-07
1.700000e-10
2.200000e-08
2.700000e-09
5.000000e-12
5.000000e-09
1.900000e-08
9.800000e-07
3.600000e-09
1.100000e-08
2.300000e-03
4.400000e-07
2.100000e-09
1.900000e-07
2.700000e-09
1.800000e-09
2.400000e-08
1.200000e-09
9.400000e-11
2.300000e-11
1.300000e-07
8.900000e-09
9.600000e-09
1.300000e-07
2.200000e-03
4.400000e-06
6.800000e-09
3.900000e-07
9.300000e-11
1.000000e-07
4.700000e-09
4.400000e-12
5.700000e-11
9.500000e-10
7.100000e-12
5.000000e-07
1.000000e-09
6.800000e-12
2.900000e-04
3.500000e-04
9.800000e-10
1.500000e-09
1.000000e-05
4.500000e-11
1.300000e-09
7.200000e-02
1.600000e-04
1.400000e-04
2.300000e-04
7.400000e-04
5.400000e-06
2.800000e-07
3.900000e-11
2.300000e-08
5.900000e-08
5.100000e-04
1.100000e-11
6.900000e-09
8.500000e-10
1.700000e-05
1.300000e-10
3.200000e-04
5.200000e-05
3.600000e-02
4.800000e-10
2.400000e-10
1.400000e-08
7.500000e-14
1.100000e-06
1.600000e-01
1.900000e+01
6.600000e-06
3.600000e-05
6.200000e-07
5.900000e-11
8.000000e-04
1.000000e-04
1.000000e+01
4.800000e-05
5.500000e-05
2.100000e-04
3.600000e-03
7.900000e-06
2.000000e-08
7.200000e-04
5.400000e-15
1.300000e+01
8.500000e-11
6.200000e-04
3.700000e-11
3.200000e-03
8.000000e-06
7.100000e-04
2.400000e-04
5.800000e-07
4.200000e-04
2.300000e-06
4.000000e-06
1.900000e-03
8.000000e-07
3.600000e-04
9.500000e+00
2.000000e+01
1.100000e-06
7.000000e-09
2.000000e+01
1.800000e-01
4.600000e-03
1.100000e-07
2.700000e-09
2.200000e-04
2.000000e+01
5.800000e-08
8.000000e+00
5.800000e-04
1.300000e-03
1.200000e-09
1.600000e-05
1.900000e-03
4.400000e-06
2.600000e-03
4.900000e-04
2.800000e-03
2.900000e-11
4.900000e-03
1.100000e-03
3.500000e-03
1.500000e-03
1.600000e-05
1.500000e-03
2.400000e-03
1.500000e-03
6.400000e-02
3.900000e-03
4.200000e-04
3.500000e-03
2.000000e-03
3.300000e-05
2.200000e-05
6.200000e-04
2.100000e-01
2.000000e+01
4.400000e-05
1.500000e-04
1.600000e-04
7.000000e-16
3.100000e-04
2.000000e-06
2.600000e-06
1.300000e-04
4.200000e-03
3.600000e-08
4.200000e-05
8.000000e-13
3.300000e-09
8.100000e-04
5.100000e-04
3.200000e-10
1.000000e-06
3.500000e-09
1.700000e-08
1.200000e-08
1.900000e-09
7.500000e-10
8.900000e-10
4.600000e-09
4.100000e-08
4.600000e-10
5.500000e-08
9.100000e-08
1.900000e-08
3.200000e-10
3.500000e-10
9.400000e-08
2.900000e-08
2.900000e-08
1.000000e-07
1.300000e-08
9.700000e-09
2.300000e-09
3.000000e-08
5.000000e-10
7.600000e-09
9.500000e-09
4.200000e-10
1.900000e-10
2.700000e-10
2.700000e-10
7.200000e-11
1.500000e-10
9.900000e-10
1.900000e-08
5.300000e-09
2.900000e-09
2.000000e-09
2.400000e-09
5.700000e-08
1.900000e-10
5.000000e-09
3.000000e-07
7.900000e-07
6.700000e-09
1.000000e-09
8.600000e-10
9.800000e-11
5.600000e-12
2.700000e-09
2.000000e-09
3.200000e-10
6.500000e-10
2.400000e-10
3.600000e-10
3.600000e-08
2.500000e-09
9.500000e-09
2.100000e-11
3.300000e-07
8.600000e-09
1.100000e-05
1.100000e-10
6.600000e-07
5.000000e-09
9.700000e-08
2.600000e-06
4.300000e-08
2.400000e-07
6.900000e-09
4.000000e-08
4.400000e-09
4.600000e-07
3.800000e-08
1.500000e-09
9.800000e-09
1.500000e-07
1.600000e-05
1.100000e-08
3.400000e-08
7.600000e-10
4.600000e-09
7.400000e-10
3.900000e-07
1.100000e-08
2.500000e-07
8.200000e-08
2.100000e-09
3.400000e-08
2.100000e-10
4.400000e-09
4.400000e-09
1.000000e-08
1.100000e-08
1.200000e-10
4.600000e-10
6.700000e-08
1.900000e-10
9.400000e-10
4.300000e-09
1.300000e-09
5.100000e-09
4.200000e-08
9.800000e-09
9.000000e-11
7.400000e-12
4.500000e-08
1.700000e-08
6.800000e-12
1.700000e-10
1.100000e-07
2.400000e-03
6.900000e-08
1.300000e-09
1.600000e-08
5.100000e-07
1.600000e-08
3.200000e-08
1.400000e-07
6.800000e-05
1.500000e-08
2.900000e-11
1.700000e-05
7.600000e-09
1.400000e-08
5.500000e-08
8.400000e-11
3.000000e-08
1.100000e-10
1.500000e-08
1.900000e-09
3.200000e-09
4.000000e-07
1.800000e-09
3.100000e-14
8.400000e-09
5.600000e-08
4.400000e-07
6.100000e-07
1.100000e-08
1.900000e-08
5.700000e-09
3.600000e-08
1.700000e-08
1.500000e-09
1.600000e-09
3.100000e-03
3.400000e-04
1.100000e-12
2.300000e-04
2.400000e-05
2.900000e-04
3.400000e-02
1.300000e-11
1.200000e-03
5.900000e-13
2.900000e-10
1.200000e-09
3.100000e-10
1.200000e-13
1.200000e-13
1.400000e-05
2.500000e-12
5.500000e-09
1.700000e-02
8.300000e-03
2.400000e-08
9.600000e-07
8.600000e-05
6.100000e-07
2.000000e+01
2.800000e-05
6.100000e-06
2.600000e-11
7.800000e-04
5.900000e+00
2.000000e+01
2.800000e-04
3.100000e-07
4.400000e-12
2.200000e-13
6.500000e-13
4.900000e-13
2.700000e-12
4.000000e-03
9.600000e-05
3.300000e-05
5.100000e-12
5.400000e-12
3.600000e-11
1.400000e-03
1.900000e+01
4.200000e-08
1.600000e-08
1.600000e-03
7.000000e-09
4.000000e-08
7.600000e-05
3.100000e-03
3.600000e-03
7.600000e-05
7.400000e-05
7.400000e-05
3.700000e-04
3.400000e-04
1.400000e-03
3.500000e-14
2.000000e+01
1.400000e-03
3.600000e-12
1.300000e-11
6.500000e-05
7.400000e-03
2.300000e-04
8.000000e-04
6.200000e-03
2.500000e-04
4.700000e-04
5.500000e-03
6.300000e-06
4.800000e-04
2.600000e-11
1.200000e-05
3.500000e-08
2.000000e-10
1.100000e-08
8.500000e-05
9.800000e-16
3.600000e-03
8.400000e-04
1.800000e-04
1.800000e-04
1.300000e-04
7.600000e-04
4.300000e-08
3.300000e-12
3.800000e-14
1.300000e-14
1.300000e-14
2.600000e-12
1.200000e-03
2.600000e-04
1.700000e-02
2.000000e-05
2.000000e-05
3.600000e-04
4.900000e-06
1.400000e-04
1.100000e-04
5.000000e-06
4.700000e-06
1.100000e-04
3.500000e-06
1.300000e-05
6.200000e-06
2.800000e-05
9.000000e-12
4.600000e-13
1.500000e-06
8.000000e-10
2.100000e-09
1.400000e-09
1.400000e-09
1.400000e-09
3.400000e-09
1.400000e-08
8.600000e-06
8.600000e-06
4.400000e-13
1.500000e-11
4.200000e-12
1.100000e-09
7.000000e-13
5.500000e-11
6.500000e-11
1.500000e-10
1.300000e-09
4.300000e-08
6.000000e-10
2.300000e-09
2.400000e-10
5.500000e-08
1.300000e-09
2.800000e-07
2.600000e-10
3.600000e-07
1.000000e-14
3.700000e-13
2.100000e-05
4.700000e-05
1.800000e-12
6.700000e-14
6.700000e-12
4.100000e-12
2.200000e-11
1.100000e-10
1.000000e-13
5.800000e-03
5.900000e-07
1.700000e-08
1.700000e-15
9.100000e-09
6.900000e-05
1.400000e-04
1.300000e-07
5.400000e-09
3.000000e-05
6.900000e-02
1.900000e-04
4.300000e-04
4.600000e-05
2.300000e-05
1.700000e-05
2.600000e-06
2.700000e-05
1.000000e-05
2.400000e-04
5.200000e-04
3.700000e-04
1.500000e-03
1.800000e-04
3.500000e-05
3.600000e-04
1.500000e-05
1.800000e-04
6.800000e-05
3.000000e-05
1.300000e-04
2.200000e-04
1.500000e-07
1.400000e-04
6.000000e-05
1.200000e-02
8.500000e-07
3.500000e-05
2.600000e-05
7.100000e-14
2.100000e-11
1.100000e-04
5.200000e-06
1.500000e-04
6.700000e-04
7.500000e-18
9.100000e-05
1.100000e-04
4.600000e-05
2.100000e-03
5.200000e-03
5.400000e-04
7.600000e-09
2.800000e-10
9.500000e-08
1.800000e-08
9.900000e-06
2.300000e-08
8.100000e-09
2.200000e-08
9.100000e-08
3.500000e-05
1.400000e-08
1.000000e-09
2.000000e-04
4.900000e-07
9.900000e-13
2.000000e-05
1.400000e-03
2.400000e-03
2.500000e-03
1.200000e-11
1.200000e-08
1.000000e-09
1.700000e-09
9.000000e-04
2.000000e+01
2.700000e-04
4.400000e-14
5.700000e-10
4.800000e-08
2.000000e+01
4.400000e+00
9.200000e-04
1.600000e-11
2.000000e-11
1.900000e-03
4.900000e-05
1.100000e-05
2.000000e+01
2.000000e+01
7.500000e-12
8.100000e-10
1.100000e-03
3.400000e-05
7.100000e-05
5.100000e-04
2.100000e-10
1.300000e-11
5.700000e-12
1.300000e-04
1.800000e-12
6.600000e-04
2.500000e-18
2.100000e-03
9.400000e-05
2.000000e+01
2.800000e-08
2.100000e-12
5.700000e-04
5.700000e-04
6.000000e-03
7.000000e-05
7.000000e-05
7.000000e-05
7.500000e-05
7.300000e-05
3.400000e-10
2.500000e-10
9.700000e-07
2.600000e-07
4.000000e-04
2.100000e-05
4.300000e-07
1.400000e-11
1.300000e-11
4.800000e-11
2.000000e+01
1.200000e-08
5.400000e-13
5.900000e-04
6.500000e-04
3.300000e-03
1.600000e-14
1.500000e-10
1.500000e-10
3.100000e-10
2.800000e-08
5.500000e-09
1.400000e-06
1.100000e-07
7.600000e-17
5.800000e-03
6.700000e+00
8.400000e+00
4.200000e-04
6.200000e-05
5.300000e-04
6.400000e-15
7.200000e-11
2.700000e-14
2.800000e-08
5.500000e-09
4.700000e-09
5.500000e-09
2.800000e-08
2.800000e-08
2.800000e-08
6.200000e-05
2.200000e+00
7.600000e-01
8.700000e-02
4.400000e-03
1.800000e-04
6.300000e-04
8.200000e+00
9.800000e-05
1.200000e-07
3.300000e-04
4.500000e-04
4.600000e-14
2.300000e-08
6.900000e-09
6.300000e-10
1.000000e-07
1.300000e-10
6.300000e-10
3.400000e-10
3.400000e-10
5.700000e-09
6.000000e-09
6.300000e-10
8.600000e-08
6.300000e-10
6.300000e-10
6.100000e-09
6.100000e-09
2.000000e+01
7.200000e-08
3.000000e-09
3.600000e-10
5.800000e-11
9.800000e-13
1.500000e-11
2.000000e-09
1.200000e-10
1.500000e-10
1.500000e-08
1.000000e-11
6.800000e-11
8.100000e-10
1.200000e-11
1.200000e-10
3.300000e-10
6.200000e-11
9.900000e-11
1.800000e-12
6.100000e-10
6.800000e-09
1.800000e-04
2.000000e-04
8.100000e-19
5.700000e-17
3.900000e-15
3.500000e-09
2.400000e-05
