5.000000e+00
5.000000e+00
5.000000e+00
5.000000e+00
5.000000e+00
5.000000e+00
5.000000e+00
5.000000e+00
5.000000e+00
5.000000e+00
1.000000e+00
1.000000e+00
2.000000e+00
1.000000e+00
2.000000e+00
2.000000e+00
2.000000e+00
1.000000e+00
1.000000e+00
1.000000e+00
2.700000e+01
2.700000e+01
2.700000e+01
2.700000e+01
2.700000e+01
1.100000e+01
2.700000e+01
2.700000e+01
2.700000e+01
1.400000e+01
5.000000e+00
4.000000e+00
4.000000e+00
5.000000e+00
5.000000e+00
5.000000e+00
5.000000e+00
5.000000e+00
5.000000e+00
5.000000e+00
1.300000e+01
2.800000e+01
2.800000e+01
2.800000e+01
1.300000e+01
1.300000e+01
1.300000e+01
1.300000e+01
1.300000e+01
1.300000e+01
2.000000e+00
3.000000e+00
2.000000e+00
2.000000e+00
2.000000e+00
1.000000e+00
2.000000e+00
2.000000e+00
2.000000e+00
2.000000e+00
7.000000e+00
9.000000e+00
9.000000e+00
7.000000e+00
7.000000e+00
7.000000e+00
7.000000e+00
7.000000e+00
7.000000e+00
7.000000e+00
2.000000e+00
1.000000e+00
2.000000e+00
2.000000e+00
2.000000e+00
1.300000e+01
1.400000e+01
1.300000e+01
2.000000e+00
1.300000e+01
7.000000e+00
7.000000e+00
7.000000e+00
7.000000e+00
7.000000e+00
7.000000e+00
7.000000e+00
7.000000e+00
7.000000e+00
7.000000e+00
5.000000e+00
5.000000e+00
6.000000e+00
5.000000e+00
5.000000e+00
5.000000e+00
5.000000e+00
5.000000e+00
6.000000e+00
8.000000e+00
