2.300000e+01
3.000000e+00
3.000000e+00
3.000000e+00
3.000000e+00
2.300000e+01
3.000000e+00
3.000000e+00
3.000000e+00
1.000000e+01
2.500000e+01
2.500000e+01
2.700000e+01
2.700000e+01
2.700000e+01
2.700000e+01
2.700000e+01
2.700000e+01
2.700000e+01
1.400000e+01
3.000000e+00
2.700000e+01
2.700000e+01
2.800000e+01
2.800000e+01
2.800000e+01
3.000000e+00
1.500000e+01
2.800000e+01
3.600000e+01
4.400000e+01
4.400000e+01
3.600000e+01
4.300000e+01
4.300000e+01
4.400000e+01
7.000000e+00
8.000000e+00
7.000000e+00
7.000000e+00
7.000000e+00
6.000000e+00
7.000000e+00
7.000000e+00
7.000000e+00
2.100000e+01
7.000000e+00
7.000000e+00
7.000000e+00
7.000000e+00
1.100000e+01
1.200000e+01
1.400000e+01
