4.600000e+01
5.200000e+01
4.600000e+01
4.900000e+01
4.700000e+01
4.800000e+01
2.000000e+01
3.600000e+01
3.600000e+01
3.100000e+01
3.100000e+01
3.000000e+01
3.500000e+01
2.500000e+01
3.600000e+01
3.100000e+01
2.700000e+01
3.700000e+01
3.500000e+01
3.300000e+01
3.500000e+01
2.700000e+01
3.000000e+01
3.400000e+01
2.800000e+01
3.500000e+01
3.500000e+01
3.200000e+01
3.400000e+01
2.700000e+01
2.700000e+01
2.800000e+01
3.500000e+01
3.200000e+01
3.000000e+01
3.000000e+01
2.700000e+01
3.700000e+01
2.600000e+01
3.700000e+01
3.600000e+01
3.600000e+01
3.100000e+01
3.700000e+01
2.900000e+01
3.500000e+01
3.500000e+01
2.600000e+01
3.800000e+01
2.900000e+01
5.900000e+01
3.500000e+01
3.600000e+01
3.000000e+01
3.500000e+01
3.000000e+01
3.900000e+01
3.500000e+01
3.500000e+01
3.100000e+01
2.900000e+01
2.600000e+01
4.100000e+01
3.300000e+01
3.100000e+01
2.900000e+01
3.400000e+01
3.900000e+01
3.600000e+01
3.200000e+01
3.000000e+01
4.100000e+01
3.500000e+01
4.100000e+01
3.800000e+01
1.800000e+01
5.400000e+01
3.400000e+01
2.800000e+01
3.000000e+01
3.400000e+01
3.700000e+01
5.400000e+01
3.000000e+01
5.500000e+01
