1.800000e+01
1.900000e+01
3.400000e+01
2.500000e+01
2.600000e+01
1.900000e+01
1.900000e+01
3.100000e+01
3.000000e+01
1.700000e+01
1.600000e+01
5.000000e+00
5.000000e+00
5.000000e+00
5.000000e+00
5.000000e+00
5.000000e+00
5.000000e+00
5.000000e+00
5.000000e+00
1.300000e+01
1.300000e+01
1.300000e+01
1.800000e+01
1.300000e+01
1.500000e+01
1.300000e+01
1.500000e+01
1.500000e+01
1.300000e+01
4.000000e+00
4.000000e+00
4.000000e+00
4.000000e+00
1.400000e+01
1.400000e+01
1.400000e+01
1.400000e+01
1.400000e+01
1.400000e+01
1.400000e+01
3.000000e+01
1.400000e+01
1.400000e+01
9.000000e+00
