2.000000e+00
3.000000e+00
4.000000e+00
1.000000e+00
2.000000e+00
2.000000e+00
2.000000e+00
8.000000e+00
2.000000e+00
2.000000e+00
2.000000e+00
2.000000e+00
2.000000e+00
2.000000e+00
2.000000e+00
2.000000e+00
2.000000e+00
2.000000e+00
6.000000e+00
2.000000e+00
2.000000e+00
2.000000e+00
2.000000e+00
1.000000e+00
2.000000e+00
2.000000e+00
2.000000e+00
2.000000e+00
2.000000e+00
1.000000e+00
2.000000e+00
2.000000e+00
2.000000e+00
2.000000e+00
2.000000e+00
8.000000e+00
3.000000e+00
3.000000e+00
3.000000e+00
3.000000e+00
2.000000e+00
2.000000e+00
2.000000e+00
2.000000e+00
3.000000e+00
2.000000e+00
2.000000e+00
3.000000e+00
2.000000e+00
2.000000e+00
1.000000e+00
2.000000e+00
1.000000e+00
1.000000e+00
1.200000e+01
5.000000e+00
2.000000e+00
1.000000e+00
1.000000e+00
1.000000e+01
1.000000e+01
4.000000e+00
2.000000e+00
3.000000e+00
3.000000e+00
1.000000e+00
3.000000e+00
3.000000e+00
3.000000e+00
1.000000e+00
1.000000e+00
1.000000e+00
1.000000e+00
1.000000e+00
2.000000e+00
2.000000e+00
2.000000e+00
2.000000e+00
2.000000e+00
1.000000e+00
1.000000e+00
1.000000e+00
2.000000e+00
1.000000e+00
1.000000e+00
1.000000e+00
1.000000e+00
1.000000e+00
1.000000e+00
1.000000e+00
1.000000e+00
3.000000e+00
2.000000e+00
4.000000e+00
2.000000e+00
3.000000e+00
3.000000e+00
5.000000e+00
3.000000e+00
2.000000e+00
3.000000e+00
6.500000e+01
1.000000e+01
1.300000e+01
2.000000e+00
5.000000e+00
7.000000e+00
5.000000e+00
2.000000e+00
3.000000e+00
1.000000e+00
2.000000e+00
1.000000e+00
1.000000e+00
2.000000e+00
1.000000e+00
1.000000e+00
2.000000e+00
3.000000e+00
3.000000e+00
1.000000e+00
1.000000e+00
4.600000e+01
1.200000e+01
1.000000e+00
1.000000e+00
1.000000e+00
3.000000e+00
1.000000e+00
8.000000e+00
1.000000e+00
1.000000e+00
2.000000e+00
1.000000e+00
1.000000e+00
4.000000e+00
1.000000e+00
1.000000e+00
4.000000e+00
3.000000e+00
3.000000e+00
9.000000e+00
2.000000e+00
1.000000e+00
3.000000e+00
6.000000e+00
1.000000e+00
5.000000e+00
1.000000e+00
1.000000e+00
1.000000e+00
1.000000e+00
4.000000e+00
2.000000e+00
1.000000e+01
1.000000e+00
1.000000e+00
1.200000e+01
1.000000e+00
2.000000e+00
1.000000e+00
2.000000e+00
2.000000e+00
2.000000e+00
1.000000e+00
1.000000e+00
1.000000e+00
1.000000e+00
1.000000e+00
2.000000e+00
6.000000e+00
1.000000e+00
2.000000e+00
1.000000e+00
7.000000e+00
9.000000e+00
5.300000e+01
6.000000e+00
4.000000e+00
8.000000e+00
2.000000e+00
8.000000e+00
1.000000e+00
1.000000e+00
7.000000e+00
1.000000e+00
5.000000e+00
5.000000e+00
5.000000e+00
8.000000e+00
1.000000e+00
1.000000e+00
3.000000e+00
2.000000e+00
5.000000e+00
2.000000e+00
2.000000e+00
3.000000e+00
6.000000e+00
3.000000e+00
4.000000e+00
3.000000e+00
7.000000e+00
2.000000e+00
3.000000e+00
7.000000e+00
2.000000e+00
2.000000e+00
2.000000e+00
2.000000e+00
2.000000e+00
3.000000e+00
2.000000e+00
3.000000e+00
2.000000e+00
2.000000e+00
2.000000e+00
3.000000e+00
2.000000e+00
3.000000e+00
3.000000e+00
2.000000e+00
2.000000e+00
8.000000e+00
1.000000e+00
2.000000e+00
2.000000e+00
1.000000e+00
2.000000e+00
1.000000e+00
1.000000e+00
1.000000e+00
1.000000e+00
1.000000e+00
1.000000e+00
1.000000e+00
1.000000e+00
1.000000e+00
1.000000e+00
1.000000e+00
1.000000e+00
1.000000e+00
1.000000e+00
1.000000e+00
1.000000e+00
1.000000e+00
1.000000e+00
1.000000e+00
1.000000e+00
1.000000e+00
1.000000e+00
1.000000e+00
1.000000e+00
1.000000e+00
1.000000e+00
1.000000e+00
1.000000e+00
2.000000e+00
3.000000e+00
5.000000e+00
2.000000e+00
3.000000e+00
3.000000e+00
3.000000e+00
3.000000e+00
3.000000e+00
3.000000e+00
3.000000e+00
2.000000e+00
2.000000e+00
2.000000e+00
2.000000e+00
2.000000e+00
2.000000e+00
2.000000e+00
2.000000e+00
2.000000e+00
2.000000e+00
2.000000e+00
2.000000e+00
2.000000e+00
3.000000e+00
3.000000e+00
2.000000e+00
2.000000e+00
2.000000e+00
3.000000e+00
4.000000e+00
1.000000e+00
3.000000e+00
2.000000e+00
2.000000e+00
2.000000e+00
4.000000e+00
6.000000e+00
4.000000e+00
3.000000e+00
4.000000e+00
7.000000e+00
4.000000e+00
4.000000e+00
5.000000e+00
3.000000e+00
5.000000e+00
4.000000e+00
4.000000e+00
3.000000e+00
3.000000e+00
3.000000e+00
3.000000e+00
3.000000e+00
4.000000e+00
4.000000e+00
4.000000e+00
4.000000e+00
4.000000e+00
4.000000e+00
4.000000e+00
4.000000e+00
3.000000e+00
3.000000e+00
3.000000e+00
3.000000e+00
3.000000e+00
3.000000e+00
3.000000e+00
3.000000e+00
3.000000e+00
3.000000e+00
3.000000e+00
3.000000e+00
3.000000e+00
3.000000e+00
3.000000e+00
3.000000e+00
3.000000e+00
3.000000e+00
3.000000e+00
3.000000e+00
3.000000e+00
5.000000e+00
5.000000e+00
4.000000e+00
5.000000e+00
3.000000e+00
3.000000e+00
3.000000e+00
3.000000e+00
2.000000e+00
3.000000e+00
2.000000e+00
3.000000e+00
3.000000e+00
3.000000e+00
1.000000e+00
2.000000e+00
2.000000e+00
1.000000e+00
1.000000e+00
1.000000e+00
1.000000e+00
2.000000e+00
1.000000e+00
1.000000e+00
1.000000e+00
1.000000e+00
2.000000e+00
2.000000e+00
2.000000e+00
2.000000e+00
2.000000e+00
2.000000e+00
2.000000e+00
2.000000e+00
2.000000e+00
2.000000e+00
2.000000e+00
2.000000e+00
2.000000e+00
2.000000e+00
1.000000e+00
1.000000e+00
1.000000e+00
3.000000e+00
3.000000e+00
3.000000e+00
3.000000e+00
2.000000e+00
2.000000e+00
2.000000e+00
1.000000e+00
1.000000e+00
1.000000e+00
2.000000e+00
1.000000e+00
1.000000e+00
2.000000e+00
1.000000e+00
2.000000e+00
1.000000e+00
1.000000e+00
1.000000e+00
1.000000e+00
2.000000e+00
5.000000e+00
1.000000e+01
9.000000e+00
3.000000e+00
1.000000e+00
1.000000e+00
9.000000e+00
1.000000e+00
2.000000e+00
1.000000e+00
1.000000e+00
1.000000e+00
1.000000e+00
1.000000e+00
1.000000e+00
3.000000e+00
2.000000e+00
1.000000e+00
1.000000e+00
1.000000e+00
1.000000e+00
1.000000e+00
1.000000e+00
1.000000e+00
9.000000e+00
3.000000e+01
1.000000e+00
2.000000e+00
2.000000e+00
1.000000e+00
2.000000e+00
1.000000e+00
1.000000e+00
1.000000e+00
1.000000e+00
1.000000e+00
1.000000e+00
2.000000e+00
1.000000e+00
2.000000e+00
5.000000e+00
1.000000e+00
1.000000e+00
5.000000e+00
3.000000e+00
1.000000e+00
2.000000e+00
3.000000e+00
7.000000e+00
1.000000e+00
2.000000e+00
2.000000e+00
2.000000e+00
1.000000e+00
1.000000e+00
1.000000e+00
1.000000e+00
1.000000e+00
2.000000e+00
4.000000e+00
2.000000e+00
2.000000e+00
1.000000e+00
2.000000e+00
1.000000e+00
3.000000e+00
1.000000e+00
2.000000e+00
2.000000e+00
1.000000e+00
1.000000e+00
2.000000e+00
1.000000e+00
2.000000e+00
1.000000e+00
3.000000e+00
2.000000e+00
5.000000e+00
1.000000e+00
2.000000e+00
1.000000e+00
5.000000e+00
1.000000e+00
1.000000e+00
1.000000e+00
1.000000e+00
1.000000e+00
2.000000e+00
1.000000e+00
1.000000e+00
3.000000e+00
2.000000e+00
5.000000e+00
1.000000e+00
1.000000e+00
1.000000e+00
1.000000e+00
1.000000e+00
2.000000e+00
4.000000e+00
2.000000e+00
4.000000e+01
2.000000e+00
1.000000e+00
1.000000e+00
2.000000e+00
4.000000e+00
2.000000e+00
2.000000e+00
2.000000e+00
2.000000e+00
1.000000e+00
2.000000e+00
1.000000e+00
1.000000e+00
1.000000e+00
2.000000e+00
5.000000e+00
2.000000e+00
1.000000e+00
2.000000e+00
1.000000e+00
1.000000e+00
1.000000e+00
5.000000e+00
1.000000e+00
1.000000e+00
1.000000e+00
1.000000e+00
4.000000e+00
1.000000e+00
2.000000e+00
2.000000e+00
3.000000e+00
2.000000e+00
2.000000e+00
2.000000e+00
1.000000e+00
1.000000e+00
2.000000e+00
2.000000e+00
2.000000e+00
1.000000e+00
1.000000e+00
4.000000e+00
7.000000e+00
1.000000e+00
4.300000e+01
5.000000e+00
1.000000e+00
1.000000e+00
5.300000e+01
4.800000e+01
4.000000e+00
2.000000e+00
5.700000e+01
4.000000e+00
1.000000e+00
2.000000e+00
1.000000e+00
1.000000e+00
1.000000e+01
5.300000e+01
6.000000e+01
6.300000e+01
3.000000e+00
1.900000e+01
2.000000e+00
1.000000e+00
1.600000e+01
1.000000e+00
1.000000e+00
1.200000e+01
5.000000e+00
1.000000e+00
2.000000e+00
7.000000e+00
2.000000e+00
9.000000e+00
2.000000e+00
2.000000e+00
8.000000e+00
3.000000e+00
2.000000e+00
2.000000e+00
2.000000e+00
2.000000e+00
2.000000e+00
2.000000e+00
4.000000e+00
2.000000e+00
8.000000e+00
2.000000e+00
8.000000e+00
8.000000e+00
2.000000e+00
1.000000e+00
6.000000e+00
2.000000e+00
1.000000e+00
2.900000e+01
2.000000e+00
1.000000e+00
1.000000e+00
1.000000e+00
1.000000e+00
1.000000e+00
1.000000e+00
2.000000e+00
3.000000e+00
1.000000e+00
2.000000e+00
1.000000e+00
1.000000e+00
2.000000e+00
1.000000e+00
1.000000e+00
5.000000e+00
1.000000e+00
1.000000e+00
1.000000e+00
1.000000e+00
1.000000e+00
1.000000e+00
2.000000e+00
1.000000e+00
1.000000e+00
4.000000e+00
5.000000e+00
1.400000e+01
1.000000e+00
1.000000e+00
5.000000e+00
2.000000e+00
1.000000e+00
1.000000e+00
1.000000e+00
3.000000e+00
1.000000e+00
1.000000e+00
1.000000e+00
5.000000e+00
2.000000e+00
2.000000e+00
1.000000e+00
1.000000e+00
3.000000e+00
3.000000e+00
1.000000e+00
2.000000e+00
1.000000e+00
1.000000e+00
2.000000e+00
1.000000e+00
2.000000e+00
3.800000e+01
2.000000e+00
2.000000e+00
2.000000e+00
1.000000e+00
1.000000e+00
2.000000e+00
1.000000e+00
4.000000e+00
1.000000e+00
1.000000e+00
1.000000e+00
2.000000e+00
2.000000e+00
6.100000e+01
1.000000e+00
1.000000e+00
3.000000e+00
1.000000e+00
1.000000e+00
2.000000e+00
1.000000e+00
2.000000e+00
2.000000e+00
2.000000e+00
1.000000e+00
1.000000e+00
2.000000e+00
2.000000e+00
2.000000e+00
2.000000e+00
1.000000e+00
1.000000e+00
1.000000e+00
2.000000e+00
1.000000e+00
1.000000e+00
1.000000e+00
1.000000e+00
1.000000e+00
1.000000e+00
1.000000e+00
1.000000e+00
1.000000e+00
1.000000e+00
1.000000e+00
1.000000e+00
1.000000e+00
2.000000e+00
1.000000e+00
1.000000e+00
1.000000e+00
1.000000e+00
1.000000e+00
1.000000e+00
2.000000e+00
1.000000e+00
1.000000e+00
1.000000e+00
2.000000e+00
2.000000e+00
1.000000e+00
1.000000e+00
1.000000e+00
1.000000e+00
2.000000e+00
2.000000e+00
2.000000e+00
1.000000e+00
1.000000e+00
1.000000e+00
1.000000e+00
2.000000e+00
1.000000e+00
1.000000e+00
1.000000e+00
2.000000e+00
2.000000e+00
1.000000e+00
2.000000e+00
2.000000e+00
3.000000e+00
2.000000e+00
1.000000e+00
2.000000e+00
