4.700000e+00
3.500000e-01
7.400000e-02
2.000000e+00
3.900000e+00
8.300000e+00
1.300000e+01
7.100000e+00
1.300000e+01
6.200000e+00
6.100000e+00
6.400000e+00
2.200000e+00
7.800000e+00
2.700000e+00
2.000000e+00
6.700000e+00
3.400000e+00
4.400000e+00
3.300000e+00
9.000000e+00
2.700000e+00
3.100000e+00
1.700000e+00
1.700000e+00
1.100000e+01
5.300000e+00
1.100000e+01
1.200000e+01
2.700000e+00
1.000000e+01
1.000000e+01
3.000000e+00
2.700000e+00
1.600000e+00
8.800000e-01
2.400000e-01
1.100000e+01
1.900000e-01
7.700000e+00
2.100000e-01
1.500000e+01
1.300000e+01
1.200000e+01
3.400000e+00
4.200000e+00
1.400000e+01
7.600000e+00
1.300000e+01
