2.300000e+01
2.400000e+01
3.900000e+01
2.900000e+01
3.000000e+01
2.300000e+01
2.300000e+01
4.500000e+01
4.400000e+01
2.100000e+01
2.000000e+01
1.100000e+01
1.100000e+01
1.100000e+01
1.100000e+01
1.100000e+01
1.100000e+01
1.100000e+01
1.100000e+01
1.100000e+01
1.900000e+01
1.900000e+01
1.900000e+01
2.100000e+01
1.900000e+01
2.200000e+01
2.000000e+01
2.100000e+01
2.100000e+01
1.900000e+01
1.000000e+01
1.000000e+01
1.000000e+01
1.000000e+01
2.000000e+01
2.000000e+01
2.000000e+01
2.000000e+01
2.000000e+01
2.000000e+01
2.000000e+01
4.600000e+01
2.000000e+01
2.000000e+01
1.900000e+01
