5.000000e+01
5.100000e+01
5.000000e+01
5.000000e+01
5.000000e+01
5.100000e+01
5.000000e+01
5.000000e+01
5.000000e+01
5.000000e+01
2.900000e+01
2.900000e+01
2.900000e+01
2.900000e+01
2.900000e+01
2.900000e+01
3.000000e+01
3.000000e+01
2.900000e+01
2.900000e+01
5.000000e+01
5.000000e+01
4.900000e+01
4.900000e+01
5.000000e+01
5.000000e+01
5.000000e+01
5.000000e+01
4.900000e+01
4.900000e+01
5.200000e+01
5.100000e+01
5.300000e+01
5.100000e+01
5.200000e+01
5.300000e+01
5.200000e+01
5.300000e+01
5.300000e+01
5.300000e+01
4.600000e+01
4.600000e+01
4.600000e+01
4.600000e+01
4.700000e+01
4.700000e+01
4.600000e+01
4.600000e+01
4.600000e+01
4.600000e+01
6.200000e+01
6.200000e+01
6.200000e+01
6.200000e+01
6.200000e+01
6.200000e+01
6.200000e+01
6.200000e+01
6.200000e+01
6.200000e+01
5.700000e+01
5.700000e+01
5.700000e+01
5.700000e+01
5.700000e+01
5.500000e+01
5.700000e+01
5.500000e+01
5.500000e+01
5.700000e+01
6.800000e+01
6.800000e+01
6.600000e+01
6.800000e+01
6.800000e+01
6.800000e+01
6.800000e+01
6.800000e+01
6.800000e+01
6.800000e+01
5.300000e+01
5.300000e+01
5.300000e+01
5.300000e+01
5.300000e+01
5.300000e+01
5.300000e+01
5.300000e+01
5.300000e+01
5.300000e+01
5.900000e+01
5.800000e+01
5.900000e+01
5.900000e+01
5.900000e+01
5.900000e+01
5.900000e+01
5.900000e+01
5.800000e+01
5.900000e+01
5.200000e+01
5.200000e+01
5.200000e+01
5.200000e+01
3.400000e+01
3.400000e+01
3.400000e+01
3.400000e+01
3.400000e+01
3.400000e+01
3.400000e+01
3.400000e+01
3.400000e+01
3.400000e+01
5.000000e+01
4.900000e+01
4.900000e+01
5.000000e+01
5.000000e+01
5.000000e+01
5.000000e+01
5.000000e+01
4.900000e+01
4.900000e+01
5.700000e+01
5.700000e+01
5.700000e+01
5.700000e+01
5.700000e+01
5.700000e+01
5.700000e+01
5.700000e+01
5.700000e+01
5.700000e+01
5.200000e+01
5.200000e+01
5.200000e+01
5.200000e+01
5.200000e+01
5.200000e+01
5.200000e+01
5.200000e+01
5.200000e+01
5.200000e+01
5.500000e+01
5.500000e+01
5.200000e+01
5.500000e+01
5.500000e+01
5.500000e+01
5.500000e+01
5.400000e+01
5.500000e+01
5.500000e+01
5.700000e+01
5.500000e+01
5.700000e+01
5.600000e+01
5.600000e+01
5.600000e+01
5.600000e+01
5.600000e+01
5.500000e+01
5.600000e+01
6.100000e+01
6.100000e+01
6.100000e+01
6.100000e+01
6.100000e+01
6.200000e+01
5.900000e+01
6.200000e+01
6.800000e+01
6.800000e+01
6.800000e+01
6.800000e+01
6.800000e+01
6.700000e+01
6.800000e+01
6.800000e+01
6.700000e+01
6.800000e+01
4.100000e+01
4.100000e+01
4.000000e+01
4.000000e+01
4.000000e+01
4.100000e+01
4.200000e+01
4.000000e+01
4.100000e+01
4.100000e+01
4.900000e+01
4.900000e+01
4.900000e+01
4.900000e+01
4.800000e+01
4.700000e+01
4.900000e+01
4.900000e+01
4.800000e+01
5.500000e+01
5.500000e+01
5.500000e+01
5.600000e+01
5.600000e+01
5.500000e+01
5.500000e+01
5.500000e+01
5.600000e+01
5.500000e+01
5.600000e+01
5.600000e+01
5.600000e+01
5.600000e+01
5.600000e+01
5.500000e+01
5.600000e+01
5.600000e+01
5.300000e+01
5.200000e+01
5.300000e+01
5.300000e+01
5.300000e+01
5.300000e+01
5.300000e+01
5.200000e+01
5.300000e+01
5.300000e+01
4.400000e+01
4.300000e+01
4.300000e+01
4.300000e+01
4.400000e+01
4.400000e+01
4.400000e+01
4.400000e+01
4.300000e+01
4.300000e+01
5.100000e+01
5.300000e+01
5.300000e+01
5.500000e+01
5.300000e+01
5.300000e+01
5.500000e+01
5.400000e+01
5.200000e+01
5.500000e+01
5.900000e+01
5.800000e+01
5.900000e+01
5.900000e+01
5.900000e+01
5.800000e+01
5.800000e+01
5.900000e+01
5.900000e+01
5.900000e+01
5.300000e+01
5.300000e+01
5.200000e+01
5.200000e+01
5.200000e+01
5.300000e+01
5.300000e+01
5.400000e+01
5.200000e+01
5.300000e+01
5.600000e+01
5.600000e+01
5.200000e+01
5.500000e+01
5.500000e+01
5.500000e+01
5.500000e+01
5.500000e+01
5.500000e+01
5.500000e+01
6.500000e+01
6.500000e+01
6.400000e+01
6.300000e+01
6.300000e+01
6.400000e+01
6.500000e+01
6.400000e+01
6.500000e+01
6.300000e+01
6.900000e+01
6.900000e+01
6.900000e+01
6.900000e+01
6.900000e+01
6.900000e+01
6.900000e+01
6.900000e+01
6.900000e+01
6.900000e+01
5.400000e+01
5.400000e+01
5.400000e+01
5.400000e+01
5.500000e+01
5.400000e+01
5.400000e+01
5.400000e+01
5.500000e+01
5.500000e+01
5.800000e+01
5.800000e+01
5.800000e+01
5.800000e+01
5.900000e+01
5.900000e+01
5.900000e+01
5.800000e+01
5.800000e+01
5.800000e+01
6.500000e+01
6.500000e+01
6.400000e+01
6.400000e+01
6.400000e+01
6.500000e+01
6.500000e+01
6.400000e+01
6.500000e+01
6.500000e+01
6.800000e+01
6.800000e+01
6.800000e+01
6.800000e+01
6.900000e+01
6.800000e+01
6.800000e+01
6.700000e+01
6.900000e+01
6.800000e+01
5.200000e+01
5.200000e+01
5.200000e+01
5.300000e+01
5.300000e+01
5.200000e+01
5.300000e+01
5.200000e+01
5.200000e+01
5.200000e+01
6.500000e+01
6.500000e+01
6.500000e+01
6.500000e+01
6.500000e+01
6.500000e+01
6.500000e+01
6.600000e+01
6.200000e+01
6.200000e+01
3.300000e+01
3.300000e+01
3.300000e+01
3.300000e+01
3.300000e+01
3.300000e+01
3.300000e+01
3.300000e+01
3.300000e+01
3.300000e+01
6.200000e+01
6.200000e+01
6.200000e+01
6.100000e+01
6.200000e+01
6.000000e+01
6.200000e+01
6.200000e+01
6.200000e+01
6.200000e+01
5.700000e+01
5.700000e+01
5.800000e+01
5.800000e+01
5.700000e+01
5.700000e+01
5.700000e+01
5.800000e+01
5.800000e+01
5.800000e+01
5.800000e+01
5.800000e+01
5.900000e+01
5.900000e+01
5.900000e+01
5.900000e+01
5.800000e+01
5.800000e+01
5.900000e+01
5.800000e+01
5.000000e+01
5.000000e+01
4.700000e+01
4.900000e+01
4.800000e+01
4.800000e+01
4.800000e+01
4.900000e+01
5.000000e+01
4.800000e+01
5.200000e+01
5.200000e+01
5.200000e+01
5.200000e+01
5.200000e+01
5.200000e+01
5.200000e+01
5.200000e+01
5.200000e+01
5.200000e+01
4.700000e+01
4.700000e+01
4.700000e+01
4.700000e+01
4.700000e+01
4.700000e+01
4.700000e+01
4.600000e+01
4.700000e+01
4.700000e+01
5.400000e+01
5.300000e+01
5.300000e+01
5.300000e+01
5.300000e+01
5.300000e+01
5.300000e+01
5.300000e+01
5.300000e+01
5.300000e+01
6.600000e+01
6.600000e+01
6.400000e+01
6.400000e+01
6.400000e+01
6.400000e+01
6.500000e+01
6.500000e+01
6.400000e+01
6.400000e+01
5.600000e+01
5.600000e+01
5.500000e+01
5.500000e+01
5.500000e+01
5.500000e+01
5.500000e+01
5.500000e+01
5.500000e+01
5.500000e+01
5.400000e+01
5.400000e+01
5.700000e+01
5.800000e+01
5.600000e+01
5.800000e+01
5.800000e+01
5.800000e+01
5.800000e+01
5.800000e+01
5.800000e+01
5.800000e+01
3.500000e+01
3.400000e+01
3.500000e+01
3.500000e+01
3.500000e+01
3.500000e+01
3.500000e+01
3.500000e+01
3.500000e+01
3.500000e+01
5.600000e+01
5.700000e+01
5.600000e+01
5.600000e+01
5.600000e+01
5.600000e+01
5.600000e+01
5.100000e+01
5.200000e+01
5.200000e+01
5.200000e+01
3.200000e+01
3.100000e+01
3.100000e+01
3.200000e+01
3.300000e+01
3.200000e+01
3.300000e+01
3.100000e+01
3.200000e+01
3.200000e+01
5.100000e+01
5.100000e+01
5.100000e+01
5.100000e+01
5.100000e+01
5.100000e+01
5.100000e+01
5.100000e+01
5.100000e+01
5.100000e+01
5.900000e+01
5.900000e+01
5.800000e+01
5.800000e+01
5.800000e+01
5.800000e+01
5.900000e+01
5.900000e+01
5.900000e+01
5.900000e+01
5.800000e+01
5.900000e+01
5.900000e+01
5.900000e+01
5.800000e+01
5.800000e+01
5.800000e+01
5.800000e+01
5.800000e+01
5.800000e+01
6.500000e+01
6.500000e+01
6.500000e+01
6.600000e+01
6.600000e+01
6.600000e+01
6.600000e+01
6.600000e+01
6.600000e+01
6.400000e+01
5.500000e+01
5.500000e+01
5.500000e+01
5.400000e+01
5.500000e+01
5.500000e+01
5.500000e+01
5.400000e+01
5.600000e+01
5.500000e+01
5.800000e+01
5.800000e+01
5.800000e+01
5.800000e+01
5.800000e+01
5.800000e+01
5.800000e+01
5.800000e+01
5.800000e+01
5.800000e+01
6.500000e+01
6.500000e+01
6.500000e+01
6.500000e+01
6.500000e+01
6.500000e+01
6.500000e+01
6.500000e+01
6.500000e+01
6.500000e+01
5.300000e+01
5.200000e+01
5.300000e+01
5.300000e+01
5.300000e+01
5.300000e+01
5.300000e+01
5.300000e+01
5.300000e+01
5.300000e+01
6.100000e+01
6.100000e+01
6.100000e+01
6.100000e+01
6.100000e+01
6.100000e+01
2.700000e+01
2.600000e+01
2.600000e+01
2.600000e+01
2.600000e+01
2.600000e+01
4.500000e+01
5.400000e+01
5.400000e+01
5.400000e+01
5.400000e+01
5.400000e+01
5.500000e+01
5.500000e+01
5.500000e+01
5.500000e+01
5.500000e+01
6.500000e+01
3.300000e+01
3.300000e+01
3.300000e+01
3.300000e+01
3.300000e+01
3.300000e+01
3.300000e+01
3.300000e+01
3.300000e+01
3.300000e+01
5.800000e+01
5.800000e+01
5.800000e+01
5.800000e+01
5.800000e+01
5.800000e+01
5.800000e+01
5.800000e+01
5.800000e+01
5.800000e+01
6.400000e+01
6.400000e+01
6.400000e+01
6.400000e+01
6.400000e+01
6.400000e+01
6.400000e+01
6.400000e+01
6.400000e+01
6.400000e+01
5.600000e+01
5.500000e+01
5.500000e+01
5.500000e+01
5.600000e+01
5.500000e+01
5.600000e+01
5.600000e+01
5.500000e+01
5.500000e+01
4.900000e+01
4.900000e+01
4.900000e+01
4.900000e+01
5.000000e+01
5.000000e+01
4.900000e+01
4.900000e+01
4.900000e+01
4.900000e+01
5.600000e+01
5.000000e+01
4.900000e+01
5.000000e+01
5.000000e+01
5.000000e+01
5.000000e+01
5.000000e+01
5.000000e+01
5.000000e+01
5.000000e+01
6.200000e+01
6.200000e+01
6.200000e+01
6.200000e+01
6.200000e+01
6.200000e+01
6.200000e+01
6.200000e+01
6.200000e+01
6.200000e+01
4.500000e+01
4.500000e+01
4.500000e+01
4.500000e+01
5.300000e+01
5.300000e+01
5.300000e+01
5.300000e+01
5.300000e+01
5.300000e+01
5.300000e+01
5.300000e+01
5.300000e+01
5.300000e+01
5.600000e+01
5.600000e+01
5.600000e+01
5.600000e+01
5.600000e+01
5.600000e+01
5.600000e+01
5.600000e+01
5.600000e+01
5.600000e+01
4.100000e+01
4.200000e+01
4.000000e+01
4.200000e+01
4.200000e+01
4.100000e+01
4.100000e+01
4.100000e+01
4.100000e+01
4.100000e+01
5.400000e+01
5.400000e+01
5.200000e+01
5.200000e+01
5.200000e+01
5.200000e+01
5.300000e+01
5.200000e+01
5.200000e+01
5.300000e+01
5.500000e+01
5.500000e+01
5.500000e+01
5.500000e+01
5.500000e+01
5.500000e+01
5.500000e+01
5.500000e+01
5.500000e+01
5.500000e+01
5.000000e+01
5.000000e+01
4.800000e+01
5.000000e+01
5.000000e+01
5.000000e+01
5.000000e+01
5.000000e+01
4.800000e+01
4.800000e+01
6.700000e+01
6.500000e+01
6.600000e+01
6.800000e+01
6.700000e+01
6.700000e+01
6.700000e+01
6.700000e+01
6.700000e+01
6.700000e+01
4.300000e+01
4.300000e+01
4.400000e+01
4.300000e+01
4.300000e+01
4.300000e+01
4.400000e+01
4.300000e+01
4.400000e+01
4.200000e+01
4.100000e+01
3.900000e+01
4.200000e+01
4.100000e+01
4.100000e+01
3.900000e+01
4.100000e+01
4.100000e+01
3.900000e+01
3.900000e+01
4.600000e+01
4.600000e+01
4.600000e+01
4.600000e+01
4.600000e+01
4.600000e+01
4.600000e+01
4.600000e+01
4.600000e+01
4.600000e+01
6.400000e+01
6.400000e+01
6.400000e+01
6.400000e+01
6.400000e+01
6.400000e+01
6.400000e+01
5.600000e+01
5.500000e+01
5.600000e+01
5.600000e+01
5.600000e+01
5.600000e+01
5.700000e+01
5.700000e+01
5.600000e+01
5.600000e+01
5.600000e+01
5.400000e+01
5.800000e+01
5.700000e+01
5.700000e+01
5.700000e+01
5.700000e+01
5.500000e+01
5.500000e+01
5.600000e+01
5.600000e+01
5.600000e+01
5.600000e+01
5.600000e+01
5.600000e+01
5.600000e+01
5.600000e+01
5.600000e+01
5.600000e+01
4.800000e+01
4.800000e+01
4.800000e+01
4.800000e+01
4.800000e+01
4.800000e+01
4.800000e+01
4.800000e+01
4.800000e+01
4.800000e+01
5.900000e+01
5.900000e+01
5.900000e+01
5.900000e+01
5.800000e+01
5.900000e+01
5.800000e+01
5.900000e+01
5.900000e+01
5.900000e+01
6.000000e+01
6.000000e+01
6.000000e+01
6.000000e+01
6.000000e+01
6.000000e+01
6.000000e+01
5.900000e+01
6.000000e+01
6.000000e+01
5.600000e+01
5.600000e+01
5.700000e+01
5.600000e+01
5.600000e+01
5.600000e+01
5.600000e+01
5.600000e+01
5.600000e+01
5.600000e+01
6.600000e+01
6.600000e+01
6.600000e+01
6.600000e+01
6.600000e+01
6.600000e+01
6.600000e+01
6.600000e+01
6.600000e+01
6.600000e+01
6.300000e+01
6.300000e+01
5.300000e+01
5.300000e+01
5.300000e+01
5.400000e+01
5.400000e+01
5.300000e+01
5.400000e+01
5.400000e+01
5.400000e+01
5.400000e+01
